
Frequency	dB	Unweighted
19.5	73.9
19.8	73.9
20.1	74
20.3	74
20.6	74
20.9	74.1
21.2	74.1
21.6	74.1
21.9	74.1
22.2	74.1
22.5	74.1
22.8	74
23.2	74
23.5	74
23.8	74
24.2	74
24.5	73.9
24.9	73.9
25.3	73.9
25.6	73.9
26	73.8
26.4	73.8
26.8	73.8
27.2	73.7
27.5	73.7
28	73.7
28.4	73.7
28.8	73.6
29.2	73.6
29.6	73.6
30	73.6
30.5	73.6
30.9	73.5
31.4	73.5
31.8	73.4
32.3	73.3
32.8	73.2
33.2	73.2
33.7	73.2
34.2	73.1
34.7	73.1
35.2	73.1
35.7	73.1
36.2	73
36.8	73
37.3	73
37.9	72.9
38.4	72.9
39	72.8
39.5	72.8
40.1	72.7
40.7	72.7
41.3	72.6
41.9	72.6
42.5	72.6
43.1	72.5
43.7	72.4
44.4	72.4
45	72.3
45.7	72.3
46.3	72.2
47	72.2
47.7	72.1
48.4	72.1
49.1	71.9
49.8	71.9
50.5	71.9
51.3	71.8
52	71.8
52.8	71.7
53.5	71.7
54.3	71.6
55.1	71.6
55.9	71.5
56.7	71.5
57.5	71.3
58.4	71.2
59.2	71.1
60.1	71
61	71
61.8	70.9
62.7	70.9
63.7	70.8
64.6	70.7
65.5	70.7
66.5	70.6
67.4	70.5
68.4	70.4
69.4	70.4
70.4	70.2
71.5	70.1
72.5	70.1
73.5	70
74.6	70
75.7	69.9
76.8	69.8
77.9	69.7
79.1	69.7
80.2	69.6
81.4	69.5
82.6	69.4
83.8	69.4
85	69.3
86.2	69.2
87.5	69.2
88.7	69.1
90	69
91.3	68.9
92.7	68.8
94	68.7
95.4	68.7
96.8	68.7
98.2	68.6
99.6	68.5
101	68.4
103	68.4
104	68.3
106	68.2
107	68.2
109	68.1
110	68
112	68
113	67.9
115	67.9
117	67.8
118	67.7
120	67.6
122	67.5
124	67.5
125	67.5
127	67.3
129	67.2
131	67.2
133	67.2
135	67.1
137	67
139	66.9
141	66.9
143	66.8
145	66.7
147	66.6
149	66.6
151	66.6
154	66.6
156	66.4
158	66.3
160	66.3
163	66.3
165	66.2
168	66.2
170	66
172	66
175	66
177	65.9
180	65.9
183	65.8
185	65.8
188	65.7
191	65.7
194	65.6
196	65.6
199	65.6
202	65.6
205	65.5
208	65.5
211	65.4
214	65.3
217	65.3
220	65.2
224	65.1
227	65.1
230	65.1
234	65
237	64.9
240	64.9
244	64.9
247	64.8
251	64.8
255	64.7
258	64.7
262	64.6
266	64.6
270	64.5
274	64.5
278	64.5
282	64.5
286	64.5
290	64.4
294	64.3
298	64.3
303	64.3
307	64.3
312	64.2
316	64.2
321	64.2
325	64.1
330	64.1
335	64.1
340	64
345	64
350	64
355	64
360	63.9
365	63.9
371	63.9
376	63.8
382	63.8
387	63.8
393	63.8
398	63.7
404	63.7
410	63.7
416	63.6
422	63.6
428	63.5
434	63.5
441	63.5
447	63.5
454	63.5
460	63.4
467	63.4
474	63.4
481	63.4
488	63.4
495	63.4
502	63.4
509	63.4
517	63.4
524	63.4
532	63.4
540	63.4
547	63.4
555	63.4
563	63.4
572	63.4
580	63.5
588	63.5
597	63.5
606	63.5
614	63.4
623	63.4
632	63.4
642	63.4
651	63.4
660	63.4
670	63.5
680	63.4
690	63.4
700	63.4
710	63.4
720	63.4
731	63.5
741	63.4
752	63.5
763	63.5
774	63.5
785	63.5
797	63.5
808	63.5
820	63.5
832	63.5
844	63.6
856	63.6
869	63.6
882	63.7
894	63.8
907	63.8
921	63.9
934	63.9
948	64.1
961	64.1
975	64.2
990	64.3
1004	64.4
1019	64.5
1033	64.6
1048	64.7
1064	64.8
1079	65.2
1095	65.3
1111	65.6
1127	65.7
1143	65.8
1160	66.2
1177	66.3
1194	66.7
1211	66.8
1229	67.1
1247	67.2
1265	67.3
1283	67.6
1302	67.6
1321	68
1340	68.1
1360	68.3
1379	68.4
1399	68.7
1420	68.7
1440	68.9
1461	69.2
1483	69.3
1504	69.5
1526	69.6
1548	69.9
1571	70
1594	70.1
1617	70.3
1640	70.4
1664	70.8
1688	70.9
1713	71.2
1738	71.3
1763	71.6
1789	71.7
1815	71.8
1841	72.2
1868	72.3
1895	72.6
1923	72.6
1951	72.8
1979	72.9
2008	73
2037	73.1
2067	73.2
2097	73.3
2127	73.3
2158	73.4
2190	73.4
2221	73.5
2254	73.5
2287	73.6
2320	73.7
2354	73.8
2388	73.9
2423	74
2458	74.1
2494	74.1
2530	74.2
2567	74.2
2604	74.2
2642	74.1
2680	74.1
2719	74
2759	73.9
2799	73.8
2840	73.6
2881	73.5
2923	73.2
2965	73.1
3008	72.7
3052	72.6
3097	72.3
3142	72.1
3187	71.8
3234	71.6
3281	71.5
3328	71.2
3377	71.1
3426	70.8
3476	70.7
3526	70.5
3578	70.4
3630	70.3
3682	70.2
3736	70.1
3790	70.1
3846	70.1
3901	70.1
3958	70.1
4016	70.2
4074	70.3
4133	70.3
4194	70.6
4255	70.7
4316	71
4379	71.3
4443	71.6
4508	71.9
4573	72.2
4640	72.5
4707	72.7
4776	73.1
4845	73.2
4916	73.3
4987	73.3
5060	73.2
5133	73
5208	72.9
5284	72.6
5360	72.4
5438	71.9
5518	71.6
5598	71.2
5679	70.9
5762	70.6
5846	70.2
5931	70.1
6017	69.6
6104	69.3
6193	69
6283	68.8
6375	68.7
6467	68.6
6561	68.6
6657	68.5
6754	68.5
6852	68.6
6952	68.6
7053	68.7
7155	68.7
7259	68.8
7365	69
7472	69.2
7581	69.4
7691	69.7
7803	69.9
7916	70.2
8032	70.2
8148	70.1
8267	69.9
8387	68.8
8509	67.8
8633	66.7
8758	65.6
8886	64.5
9015	63.5
9146	62.6
9279	61.7
9414	61
9551	60.4
9690	59.9
9831	59.5
9974	59.2
10119	59.2
10266	59.2
10416	59.5
10567	59.7
10721	60.1
10877	60.5
11035	60.4
11196	59.6
11358	57.9
11524	55.5
11691	52.8
11861	50.3
12034	49.3
12209	49.8
12386	50.4
12567	50.9
12749	51.5
12935	52.2
13123	53.7
13314	54.3
13507	55.3
13704	56.2
13903	56.8
14105	56.9
14311	56.8
14519	56.3
14730	56.1
14944	55.9
15162	55.7
15382	55.9
15606	56.4
15833	57.3
16063	58.6
16297	57.9
16534	55.3
16774	55.2
17018	55.5
17266	56.6
17517	57.6
17772	58
18030	57.8
18293	57.6
18559	57.8
18829	57.7
19102	56.9
19380	55.9
20000	54.2
overall dB	94.1 dB
decay	Average
averaging	No Smoothing
source	Headset Mic 1 Low Range


saved	8/1/21, 5:32 PM
peak	19.0Hz
