
Frequency	dB	Unweighted
19.5	73.9
19.8	73.9
20.1	74
20.3	74
20.6	74.1
20.9	74.1
21.2	74.1
21.6	74.2
21.9	74.2
22.2	74.3
22.5	74.3
22.8	74.3
23.2	74.3
23.5	74.3
23.8	74.3
24.2	74.3
24.5	74.3
24.9	74.3
25.3	74.3
25.6	74.3
26	74.3
26.4	74.3
26.8	74.2
27.2	74.2
27.5	74.2
28	74.2
28.4	74.2
28.8	74.2
29.2	74.2
29.6	74.2
30	74.2
30.5	74.2
30.9	74.1
31.4	74.1
31.8	74.1
32.3	74.1
32.8	74.1
33.2	74.1
33.7	74.1
34.2	74
34.7	74
35.2	74
35.7	74
36.2	74
36.8	74
37.3	73.9
37.9	73.9
38.4	73.9
39	73.9
39.5	73.8
40.1	73.8
40.7	73.8
41.3	73.7
41.9	73.7
42.5	73.7
43.1	73.6
43.7	73.6
44.4	73.5
45	73.5
45.7	73.4
46.3	73.4
47	73.3
47.7	73.2
48.4	73.2
49.1	73.1
49.8	73.1
50.5	73.1
51.3	73.1
52	73
52.8	73
53.5	73
54.3	72.9
55.1	72.9
55.9	72.8
56.7	72.7
57.5	72.6
58.4	72.5
59.2	72.4
60.1	72.3
61	72.3
61.8	72.4
62.7	72.4
63.7	72.4
64.6	72.3
65.5	72.1
66.5	72.1
67.4	72
68.4	72
69.4	71.9
70.4	71.8
71.5	71.7
72.5	71.7
73.5	71.7
74.6	71.6
75.7	71.5
76.8	71.5
77.9	71.4
79.1	71.3
80.2	71.2
81.4	71.1
82.6	71
83.8	71
85	71
86.2	70.9
87.5	70.8
88.7	70.6
90	70.6
91.3	70.5
92.7	70.5
94	70.4
95.4	70.3
96.8	70.3
98.2	70.2
99.6	70.1
101	70
103	70
104	69.9
106	69.8
107	69.8
109	69.7
110	69.6
112	69.6
113	69.5
115	69.4
117	69.3
118	69.2
120	69.1
122	69.1
124	69
125	69
127	68.9
129	68.8
131	68.7
133	68.7
135	68.6
137	68.5
139	68.5
141	68.4
143	68.3
145	68.3
147	68.2
149	68.1
151	68
154	67.9
156	67.9
158	67.8
160	67.7
163	67.6
165	67.6
168	67.5
170	67.4
172	67.5
175	67.4
177	67.4
180	67.3
183	67.2
185	67.2
188	67.1
191	67.1
194	67.1
196	67
199	67
202	66.9
205	66.9
208	66.8
211	66.8
214	66.7
217	66.6
220	66.5
224	66.4
227	66.4
230	66.4
234	66.3
237	66.2
240	66.2
244	66.2
247	66.1
251	66
255	66
258	65.9
262	65.8
266	65.8
270	65.7
274	65.6
278	65.6
282	65.6
286	65.5
290	65.5
294	65.5
298	65.5
303	65.4
307	65.4
312	65.4
316	65.3
321	65.2
325	65.2
330	65.1
335	65
340	65
345	64.9
350	64.9
355	64.8
360	64.8
365	64.7
371	64.6
376	64.5
382	64.5
387	64.4
393	64.4
398	64.4
404	64.3
410	64.3
416	64.2
422	64.2
428	64.2
434	64.2
441	64.2
447	64.2
454	64.1
460	64.1
467	64.1
474	64
481	64
488	63.9
495	63.9
502	63.8
509	63.8
517	63.8
524	63.7
532	63.7
540	63.6
547	63.6
555	63.6
563	63.5
572	63.5
580	63.4
588	63.4
597	63.4
606	63.3
614	63.2
623	63.2
632	63.2
642	63.2
651	63.1
660	63.1
670	63.1
680	63
690	63
700	63
710	62.9
720	62.9
731	62.9
741	62.9
752	62.9
763	62.8
774	62.8
785	62.8
797	62.8
808	62.7
820	62.7
832	62.7
844	62.7
856	62.7
869	62.7
882	62.7
894	62.7
907	62.8
921	62.8
934	62.8
948	62.9
961	62.9
975	63
990	63
1004	63.1
1019	63.2
1033	63.2
1048	63.4
1064	63.5
1079	63.8
1095	63.8
1111	64
1127	64.1
1143	64.2
1160	64.4
1177	64.5
1194	64.8
1211	64.8
1229	65
1247	65.1
1265	65.2
1283	65.3
1302	65.4
1321	65.6
1340	65.6
1360	65.7
1379	65.8
1399	65.9
1420	65.9
1440	66
1461	66.1
1483	66.1
1504	66.2
1526	66.2
1548	66.2
1571	66.2
1594	66.3
1617	66.3
1640	66.3
1664	66.4
1688	66.4
1713	66.4
1738	66.4
1763	66.5
1789	66.5
1815	66.5
1841	66.5
1868	66.5
1895	66.5
1923	66.5
1951	66.5
1979	66.5
2008	66.5
2037	66.5
2067	66.5
2097	66.5
2127	66.5
2158	66.5
2190	66.5
2221	66.5
2254	66.5
2287	66.5
2320	66.4
2354	66.4
2388	66.4
2423	66.3
2458	66.3
2494	66.3
2530	66.2
2567	66.1
2604	66.1
2642	66
2680	66
2719	65.9
2759	65.9
2799	65.8
2840	65.8
2881	65.7
2923	65.7
2965	65.6
3008	65.5
3052	65.5
3097	65.4
3142	65.4
3187	65.4
3234	65.3
3281	65.3
3328	65.2
3377	65.2
3426	65.2
3476	65.2
3526	65.2
3578	65.2
3630	65.2
3682	65.2
3736	65.2
3790	65.3
3846	65.3
3901	65.4
3958	65.5
4016	65.6
4074	65.7
4133	65.8
4194	66
4255	66
4316	66.3
4379	66.5
4443	66.7
4508	66.9
4573	67.2
4640	67.5
4707	67.6
4776	68.1
4845	68.5
4916	68.8
4987	69.1
5060	69.5
5133	69.8
5208	69.9
5284	70.2
5360	70.3
5438	70.2
5518	70
5598	69.6
5679	69.1
5762	68.6
5846	68.2
5931	68
6017	67.7
6104	67.8
6193	68.2
6283	68.9
6375	69.6
6467	70.5
6561	70.9
6657	71.8
6754	72
6852	71.9
6952	71.6
7053	71.1
7155	70.6
7259	70.1
7365	69.6
7472	69.2
7581	68.9
7691	68.6
7803	68.4
7916	68.3
8032	68.3
8148	68.3
8267	68.4
8387	68.8
8509	69.1
8633	69.6
8758	70.2
8886	70.9
9015	71.5
9146	72
9279	72.2
9414	71.9
9551	71
9690	69.9
9831	68.5
9974	67.1
10119	65.8
10266	64.6
10416	62.8
10567	62.3
10721	61.4
10877	60.6
11035	59.9
11196	59.3
11358	58.9
11524	58.6
11691	58.5
11861	58.6
12034	58.8
12209	59.2
12386	59.8
12567	60.6
12749	61.4
12935	62.3
13123	63.4
13314	63.8
13507	64.4
13704	65.1
13903	65.8
14105	66.4
14311	67
14519	67.5
14730	67.4
14944	66.9
15162	66.1
15382	65.1
15606	64.2
15833	63.4
16063	62.7
16297	62.6
16534	62.7
16774	62.9
17018	63.2
17266	63.6
17517	63.5
17772	62.4
18030	60.3
18293	56.8
18559	55.7
18829	53.6
19102	51.4
19380	48.7
20000	45.1
overall dB	93.6 dB
decay	Average
averaging	No Smoothing
source	Headset Mic 1 Low Range


saved	12/1/21, 2:52 PM
peak	19.0Hz
