
Frequency	dB	Unweighted
19.5	72.4
19.8	72.4
20.1	72.5
20.3	72.6
20.6	72.6
20.9	72.6
21.2	72.7
21.6	72.7
21.9	72.8
22.2	72.8
22.5	72.8
22.8	72.8
23.2	72.8
23.5	72.8
23.8	72.9
24.2	72.9
24.5	72.9
24.9	72.9
25.3	73
25.6	73
26	73.1
26.4	73.1
26.8	73.1
27.2	73.2
27.5	73.2
28	73.2
28.4	73.2
28.8	73.2
29.2	73.2
29.6	73.2
30	73.2
30.5	73.2
30.9	73.2
31.4	73.2
31.8	73.2
32.3	73.2
32.8	73.3
33.2	73.3
33.7	73.3
34.2	73.4
34.7	73.4
35.2	73.4
35.7	73.4
36.2	73.4
36.8	73.4
37.3	73.4
37.9	73.4
38.4	73.4
39	73.3
39.5	73.3
40.1	73.3
40.7	73.3
41.3	73.3
41.9	73.3
42.5	73.3
43.1	73.3
43.7	73.2
44.4	73.2
45	73.2
45.7	73.2
46.3	73.3
47	73.3
47.7	73.4
48.4	73.4
49.1	73.3
49.8	73.3
50.5	73.3
51.3	73.2
52	73.2
52.8	73.2
53.5	73.2
54.3	73.2
55.1	73.2
55.9	73.2
56.7	73.2
57.5	73.2
58.4	73.1
59.2	73.1
60.1	73.1
61	73.1
61.8	73.1
62.7	73.1
63.7	73.1
64.6	73.1
65.5	73
66.5	73
67.4	73
68.4	72.9
69.4	72.9
70.4	73
71.5	73
72.5	73
73.5	72.9
74.6	72.9
75.7	72.9
76.8	72.9
77.9	72.9
79.1	72.8
80.2	72.8
81.4	72.8
82.6	72.8
83.8	72.8
85	72.8
86.2	72.7
87.5	72.7
88.7	72.6
90	72.6
91.3	72.6
92.7	72.6
94	72.6
95.4	72.6
96.8	72.6
98.2	72.5
99.6	72.4
101	72.4
103	72.4
104	72.3
106	72.3
107	72.3
109	72.3
110	72.3
112	72.2
113	72.2
115	72.2
117	72.2
118	72.2
120	72.2
122	72.1
124	72
125	72
127	72
129	72
131	71.9
133	71.9
135	71.9
137	71.8
139	71.8
141	71.8
143	71.7
145	71.7
147	71.7
149	71.6
151	71.6
154	71.5
156	71.5
158	71.5
160	71.4
163	71.4
165	71.3
168	71.3
170	71.2
172	71.2
175	71.2
177	71.1
180	71.1
183	71
185	71
188	71
191	70.9
194	70.8
196	70.8
199	70.8
202	70.7
205	70.7
208	70.6
211	70.5
214	70.5
217	70.5
220	70.5
224	70.4
227	70.3
230	70.3
234	70.2
237	70.1
240	70.1
244	70
247	70
251	69.9
255	69.9
258	69.8
262	69.7
266	69.7
270	69.6
274	69.6
278	69.5
282	69.4
286	69.4
290	69.3
294	69.2
298	69.2
303	69.2
307	69
312	69
316	69
321	68.9
325	68.9
330	68.8
335	68.7
340	68.6
345	68.6
350	68.5
355	68.4
360	68.4
365	68.3
371	68.2
376	68.1
382	68.1
387	68
393	68
398	67.9
404	67.8
410	67.8
416	67.7
422	67.7
428	67.6
434	67.5
441	67.5
447	67.4
454	67.4
460	67.2
467	67.2
474	67.1
481	67.1
488	67
495	66.9
502	66.9
509	66.8
517	66.8
524	66.7
532	66.6
540	66.5
547	66.5
555	66.4
563	66.4
572	66.3
580	66.2
588	66.2
597	66.1
606	66.1
614	66
623	65.9
632	65.9
642	65.8
651	65.8
660	65.7
670	65.7
680	65.6
690	65.6
700	65.5
710	65.5
720	65.4
731	65.3
741	65.3
752	65.3
763	65.2
774	65.2
785	65.2
797	65.2
808	65.1
820	65.1
832	65.1
844	65.1
856	65.1
869	65.1
882	65.1
894	65.1
907	65.2
921	65.2
934	65.2
948	65.4
961	65.4
975	65.6
990	65.6
1004	65.7
1019	66
1033	66
1048	66.3
1064	66.4
1079	66.9
1095	67
1111	67.4
1127	67.6
1143	67.7
1160	68.1
1177	68.3
1194	68.9
1211	69
1229	69.4
1247	69.6
1265	69.7
1283	70.1
1302	70.2
1321	70.6
1340	70.8
1360	71
1379	71.1
1399	71.4
1420	71.4
1440	71.5
1461	71.8
1483	71.8
1504	72
1526	72.1
1548	72.3
1571	72.4
1594	72.4
1617	72.6
1640	72.7
1664	73
1688	73.1
1713	73.3
1738	73.4
1763	73.6
1789	73.7
1815	73.8
1841	74.2
1868	74.3
1895	74.6
1923	74.7
1951	75
1979	75.1
2008	75.4
2037	75.6
2067	75.7
2097	75.9
2127	76
2158	76.3
2190	76.3
2221	76.5
2254	76.5
2287	76.6
2320	76.6
2354	76.6
2388	76.6
2423	76.6
2458	76.4
2494	76.4
2530	76.2
2567	76
2604	76
2642	75.7
2680	75.6
2719	75.3
2759	75.3
2799	75
2840	74.9
2881	74.8
2923	74.6
2965	74.6
3008	74.4
3052	74.4
3097	74.3
3142	74.2
3187	74.2
3234	74.2
3281	74.3
3328	74.4
3377	74.4
3426	74.6
3476	74.7
3526	75
3578	75.3
3630	75.4
3682	75.9
3736	76
3790	76.5
3846	76.6
3901	76.7
3958	76.6
4016	76.2
4074	75.5
4133	75
4194	73.5
4255	73
4316	71.3
4379	70.2
4443	69.2
4508	68.4
4573	67.9
4640	67.7
4707	67.7
4776	68.3
4845	68.9
4916	69.3
4987	69.6
5060	69.6
5133	69.4
5208	69.3
5284	68.9
5360	68.8
5438	68.4
5518	68.2
5598	68.1
5679	68
5762	68
5846	68
5931	68.1
6017	68.4
6104	68.7
6193	69.1
6283	69.6
6375	70.2
6467	70.9
6561	71.2
6657	72.2
6754	72.7
6852	72.9
6952	72.7
7053	72.1
7155	71.3
7259	70.7
7365	70.1
7472	69.7
7581	69.4
7691	69.1
7803	69
7916	69
8032	69.1
8148	69.3
8267	69.4
8387	69.8
8509	69.8
8633	69.2
8758	68.2
8886	66.9
9015	65.6
9146	64.5
9279	63.7
9414	63.2
9551	63
9690	63.1
9831	63.2
9974	63.3
10119	63.3
10266	62.8
10416	60.7
10567	59.6
10721	57.4
10877	55.2
11035	53.2
11196	51.5
11358	50.2
11524	49.2
11691	48.7
11861	48.5
12034	48.9
12209	49.7
12386	51
12567	52.7
12749	54.5
12935	55.8
13123	55.6
13314	54.9
13507	53.5
13704	52.1
13903	50.8
14105	49.7
14311	48.8
14519	47.8
14730	47.6
14944	47.2
15162	46.9
15382	46.8
15606	46.8
15833	47
16063	47.9
16297	48.3
16534	49.2
16774	49.5
17018	50.5
17266	51.8
17517	53.3
17772	54.2
18030	53.9
18293	52.2
18559	51.9
18829	51.7
19102	52.3
19380	52.8
20000	51.6
overall dB	95.6 dB
decay	Average
averaging	No Smoothing
source	Headset Mic 1 Low Range


saved	19/2/22, 6:48 PM
peak	19.0Hz
