* Measurement data measured by REW V5.20 Beta 61
* Source: USB-C to 3.5mm Headphone Jack Adapter, USB-C to 3.5mm Headphone Jack Adapter, 0, volume: 0.138
* Format: 256k Log Swept Sine, 1 sweep at -12.0 dBFS with no timing reference
* Dated: Mar 27, 2021 11:22:14 AM
* REW Settings:
*  C-weighting compensation: Off
*  Target level: 75.0 dB
* Note: 
* Measurement: M20
* Smoothing: None
* Frequency Step: 1/48 octave
* Start Frequency: 20.000 Hz
*
* Freq(Hz)	SPL(dB)	Phase(degrees)
20.000000	89.504807	16.6647
20.299999	89.481476	16.1835
20.600000	89.488724	15.7432
20.900000	89.519806	15.2075
21.200001	89.554214	14.5239
21.400000	89.569672	14.0273
21.799999	89.582092	13.0486
22.000000	89.582268	12.6123
22.400000	89.585175	11.8806
22.700001	89.597824	11.4053
23.000000	89.619164	10.9315
23.299999	89.642822	10.4389
23.600000	89.664505	9.9385
24.000000	89.688210	9.2905
24.299999	89.704132	8.8311
24.700001	89.725311	8.2391
25.000000	89.740280	7.7948
25.400000	89.756149	7.2005
25.799999	89.767242	6.6232
26.200001	89.777756	6.0665
26.500000	89.787056	5.6448
26.900000	89.799744	5.0523
27.200001	89.806549	4.5843
27.600000	89.809425	3.9527
28.000000	89.809372	3.3455
28.500000	89.811775	2.6219
29.000000	89.820885	1.8865
29.500000	89.830124	1.1224
30.000000	89.836266	0.3703
30.400000	89.841721	-0.2064
30.700001	89.847145	-0.6312
31.100000	89.854622	-1.1972
31.500000	89.860092	-1.7565
32.000000	89.864059	-2.4223
32.500000	89.868759	-3.0510
33.000000	89.874420	-3.6783
33.500000	89.875549	-4.3141
34.000000	89.870392	-4.9248
34.500000	89.864899	-5.4977
35.000000	89.862778	-6.0725
35.500000	89.859131	-6.6831
36.000000	89.848274	-7.3018
36.500000	89.833191	-7.8813
37.000000	89.822052	-8.4216
37.500000	89.817520	-8.9653
38.200001	89.813393	-9.7705
38.700001	89.807426	-10.3476
39.500000	89.798729	-11.2263
40.000000	89.796074	-11.7704
40.599998	89.791328	-12.4363
41.200001	89.780869	-13.0882
41.799999	89.768173	-13.6978
42.500000	89.756615	-14.3834
43.099998	89.746727	-14.9842
43.700001	89.733719	-15.5826
44.400002	89.718102	-16.2672
45.000000	89.704224	-16.8637
45.500000	89.689514	-17.3563
46.200001	89.668831	-18.0000
46.799999	89.658585	-18.5417
47.500000	89.647675	-19.2392
48.200001	89.623718	-19.9502
48.700001	89.601631	-20.4057
49.400002	89.576241	-20.9759
50.000000	89.562279	-21.4624
50.799999	89.546211	-22.1624
51.500000	89.526054	-22.8001
52.200001	89.501236	-23.4090
53.000000	89.475784	-24.0752
53.799999	89.450783	-24.7531
54.500000	89.426590	-25.3252
55.200001	89.406113	-25.8810
56.000000	89.382492	-26.5516
57.000000	89.340698	-27.3560
58.000000	89.306183	-28.0912
59.000000	89.270996	-28.8996
60.000000	89.225189	-29.6470
60.799999	89.199379	-30.2210
61.500000	89.177628	-30.7862
62.200001	89.146324	-31.3542
63.000000	89.108528	-31.9222
64.000000	89.075851	-32.5989
65.000000	89.043579	-33.3360
66.000000	89.004379	-34.0360
67.000000	88.968697	-34.7193
68.000000	88.927818	-35.4045
69.000000	88.887978	-36.0558
70.000000	88.847603	-36.7240
71.000000	88.805374	-37.3712
72.000000	88.765030	-38.0266
73.000000	88.721527	-38.6914
74.000000	88.674347	-39.3399
75.000000	88.626434	-39.9637
76.199997	88.568497	-40.6548
77.500000	88.523628	-41.4209
78.800003	88.461937	-42.2200
80.000000	88.414993	-42.9216
81.199997	88.355629	-43.6041
82.500000	88.305069	-44.3488
83.800003	88.242935	-45.0607
85.000000	88.189590	-45.7797
86.199997	88.125923	-46.3594
87.500000	88.075615	-47.0683
88.500000	88.027267	-47.5762
90.000000	87.959251	-48.3789
91.199997	87.904091	-48.9553
92.500000	87.843132	-49.6545
93.800003	87.776810	-50.3115
95.000000	87.710373	-50.8749
96.199997	87.650894	-51.4346
97.500000	87.576546	-51.9519
98.800003	87.519852	-52.5606
100.000000	87.437462	-53.0292
101.500000	87.360756	-53.6552
103.000000	87.271576	-54.1273
104.400002	87.190102	-54.7290
106.000000	87.100006	-55.2408
107.500000	86.994858	-55.4658
109.000000	86.922310	-55.9189
110.599998	86.811417	-55.7847
112.000000	86.747841	-55.8649
113.800003	86.702850	-55.5393
115.000000	86.724823	-55.2504
117.199997	86.906204	-55.2343
118.000000	86.970520	-55.5926
120.599998	87.200424	-57.2748
122.000000	87.154449	-58.4482
124.099998	87.117233	-60.1341
125.000000	87.085411	-60.8585
126.500000	87.013634	-61.9070
128.000000	86.945724	-62.9508
131.500000	86.782318	-64.6287
132.000000	86.754776	-64.8858
134.000000	86.649651	-65.6015
136.000000	86.558716	-66.3050
138.000000	86.467590	-67.2352
140.000000	86.388062	-67.9202
143.000000	86.267181	-68.8492
145.000000	86.198364	-69.3997
147.500000	86.110176	-70.1716
150.000000	86.039841	-70.9854
152.500000	85.958527	-71.6796
155.000000	85.895836	-72.4863
157.500000	85.803047	-73.2057
160.000000	85.723984	-73.9836
162.500000	85.651581	-74.6805
165.000000	85.569481	-75.3733
167.500000	85.488907	-76.0552
170.000000	85.416512	-76.7217
172.500000	85.350464	-77.3988
175.000000	85.266464	-77.9494
177.500000	85.192375	-78.5648
180.000000	85.098984	-79.1429
182.500000	85.041275	-79.7273
185.000000	84.982666	-80.3349
187.500000	84.915558	-80.8430
190.000000	84.844131	-81.3468
192.500000	84.779678	-81.8885
195.000000	84.725601	-82.4295
197.500000	84.677467	-82.8913
200.000000	84.608315	-83.3639
203.000000	84.548409	-83.9163
206.000000	84.495499	-84.5147
209.000000	84.439377	-85.0147
212.000000	84.398811	-85.5496
214.000000	84.366829	-85.9726
218.000000	84.307816	-86.8302
220.000000	84.272453	-87.2110
224.000000	84.208984	-88.0753
227.000000	84.149902	-88.6751
230.000000	84.086945	-89.2955
233.000000	84.027863	-89.7825
236.000000	83.972595	-90.3685
240.000000	83.890015	-91.0556
243.000000	83.852737	-91.4906
247.000000	83.783218	-92.1370
250.000000	83.732544	-92.5923
254.000000	83.671211	-93.2323
258.000000	83.614998	-93.8473
262.000000	83.555786	-94.3450
265.000000	83.515839	-94.8138
269.000000	83.454178	-95.4053
272.000000	83.416092	-95.7977
276.000000	83.368584	-96.3199
280.000000	83.318481	-96.8394
285.000000	83.260178	-97.4412
290.000000	83.203056	-98.0812
295.000000	83.150711	-98.6978
300.000000	83.110596	-99.3537
304.000000	83.065834	-99.6642
307.000000	83.036217	-100.0269
311.000000	82.996208	-100.4786
315.000000	82.965515	-100.9152
320.000000	82.922310	-101.3826
325.000000	82.887123	-101.9292
330.000000	82.843338	-102.4735
335.000000	82.811279	-102.9970
340.000000	82.782257	-103.4395
345.000000	82.752167	-103.9456
350.000000	82.723312	-104.3499
355.000000	82.690376	-104.8322
360.000000	82.648064	-105.3114
365.000000	82.631020	-105.7793
370.000000	82.620018	-106.1423
375.000000	82.591820	-106.6320
382.000000	82.568008	-107.1248
387.000000	82.546356	-107.6033
395.000000	82.510437	-108.1520
400.000000	82.496078	-108.5677
406.000000	82.474594	-108.9962
412.000000	82.460442	-109.4055
418.000000	82.442413	-109.8511
425.000000	82.427109	-110.3797
431.000000	82.405739	-110.7311
437.000000	82.400658	-111.1855
444.000000	82.379288	-111.6029
450.000000	82.372963	-112.0121
455.000000	82.368103	-112.3259
462.000000	82.353180	-112.6773
468.000000	82.349632	-113.0402
475.000000	82.338303	-113.4484
482.000000	82.333084	-113.8646
487.000000	82.328690	-114.1618
494.000000	82.318466	-114.5341
500.000000	82.320045	-114.7916
508.000000	82.301712	-115.2085
515.000000	82.296410	-115.5488
522.000000	82.298035	-115.8993
530.000000	82.293793	-116.2295
538.000000	82.283875	-116.5979
545.000000	82.286736	-116.9507
552.000000	82.274925	-117.1932
560.000000	82.283157	-117.5443
570.000000	82.288025	-117.8940
580.000000	82.272232	-118.2836
590.000000	82.286285	-118.6541
600.000000	82.295166	-118.9531
608.000000	82.285416	-119.2650
615.000000	82.297020	-119.3686
622.000000	82.285278	-119.6356
630.000000	82.286858	-119.8604
640.000000	82.287247	-120.0796
650.000000	82.295494	-120.3632
660.000000	82.296318	-120.5640
670.000000	82.307579	-120.8518
680.000000	82.301987	-121.0491
690.000000	82.320984	-121.1950
700.000000	82.330643	-121.3818
710.000000	82.333572	-121.4600
720.000000	82.328064	-121.5979
730.000000	82.345993	-121.7263
740.000000	82.345757	-121.7999
750.000000	82.367622	-121.9128
762.000000	82.382935	-121.9677
775.000000	82.402763	-121.9859
788.000000	82.425301	-122.0250
800.000000	82.444122	-122.0127
812.000000	82.466881	-121.9384
825.000000	82.496216	-121.9373
838.000000	82.534737	-121.8862
850.000000	82.569199	-121.7214
862.000000	82.602272	-121.5950
875.000000	82.643776	-121.4781
885.000000	82.691948	-121.4101
900.000000	82.761391	-121.2817
912.000000	82.808037	-121.0613
925.000000	82.877586	-120.9850
938.000000	82.959076	-120.7731
950.000000	83.027496	-120.6046
962.000000	83.097557	-120.4962
975.000000	83.186737	-120.3512
988.000000	83.279480	-120.2745
1000.000000	83.367172	-120.1387
1015.000000	83.494583	-120.1280
1030.000000	83.610107	-120.0895
1044.000000	83.737762	-120.1175
1060.000000	83.869339	-120.1566
1075.000000	84.001923	-120.3096
1090.000000	84.138130	-120.4566
1106.000000	84.272339	-120.6606
1120.000000	84.402100	-120.9643
1138.000000	84.553047	-121.3521
1150.000000	84.650757	-121.6353
1172.000000	84.822937	-122.3160
1180.000000	84.884232	-122.5197
1206.000000	85.071732	-123.3762
1220.000000	85.160873	-123.8191
1241.000000	85.300621	-124.5658
1250.000000	85.354210	-124.8878
1265.000000	85.432770	-125.4282
1280.000000	85.509827	-126.0557
1315.000000	85.665207	-127.2681
1320.000000	85.695084	-127.4490
1340.000000	85.770180	-128.1818
1360.000000	85.831978	-128.8571
1380.000000	85.901756	-129.5366
1400.000000	85.963326	-130.1296
1430.000000	86.048439	-131.0727
1450.000000	86.089417	-131.6372
1475.000000	86.155067	-132.2695
1500.000000	86.211479	-132.8854
1525.000000	86.258560	-133.5412
1550.000000	86.311058	-134.0259
1575.000000	86.368614	-134.5300
1600.000000	86.416588	-135.0404
1625.000000	86.469536	-135.4888
1650.000000	86.527023	-135.8845
1675.000000	86.580124	-136.3425
1700.000000	86.644417	-136.7303
1725.000000	86.708801	-137.0709
1750.000000	86.777283	-137.4538
1775.000000	86.837204	-137.8135
1800.000000	86.913994	-138.2170
1825.000000	86.989014	-138.5531
1850.000000	87.066742	-138.9276
1875.000000	87.154144	-139.3143
1900.000000	87.242653	-139.6711
1925.000000	87.342560	-140.0716
1950.000000	87.435654	-140.5422
1975.000000	87.533943	-140.9913
2000.000000	87.635361	-141.5440
2030.000000	87.755814	-142.1978
2060.000000	87.887543	-142.8708
2090.000000	88.018181	-143.6915
2120.000000	88.149673	-144.5397
2140.000000	88.227875	-145.1685
2180.000000	88.392204	-146.6108
2200.000000	88.468872	-147.3448
2240.000000	88.617844	-148.9551
2270.000000	88.705101	-150.2582
2300.000000	88.784653	-151.6488
2330.000000	88.847595	-153.0806
2360.000000	88.899452	-154.5238
2400.000000	88.925140	-156.5605
2430.000000	88.928261	-158.1178
2470.000000	88.898018	-160.0400
2500.000000	88.857887	-161.4332
2540.000000	88.770325	-163.2586
2580.000000	88.657982	-164.9061
2620.000000	88.533371	-166.4099
2650.000000	88.421661	-167.4248
2690.000000	88.276108	-168.4929
2720.000000	88.157700	-169.2994
2760.000000	88.004288	-170.0822
2800.000000	87.854485	-170.7446
2850.000000	87.679909	-171.3892
2900.000000	87.532928	-171.7407
2950.000000	87.379837	-172.0822
3000.000000	87.273506	-172.1987
3040.000000	87.195618	-172.2653
3070.000000	87.145546	-172.2642
3110.000000	87.097244	-172.2101
3150.000000	87.055099	-172.1344
3200.000000	87.034241	-171.9957
3250.000000	87.033798	-171.9132
3300.000000	87.063477	-171.8794
3350.000000	87.094772	-171.8288
3400.000000	87.164017	-171.8484
3450.000000	87.232155	-171.9396
3500.000000	87.318260	-172.0577
3550.000000	87.436745	-172.3624
3600.000000	87.549622	-172.7414
3650.000000	87.684860	-173.1943
3700.000000	87.814423	-173.9761
3750.000000	87.952332	-174.8096
3820.000000	88.130028	-176.2199
3870.000000	88.247055	-177.4929
3950.000000	88.419273	-179.7489
4000.000000	88.492470	178.7124
4060.000000	88.560791	176.6956
4120.000000	88.588196	174.5769
4180.000000	88.573326	172.3535
4250.000000	88.500946	169.8126
4310.000000	88.401070	167.6579
4370.000000	88.257652	165.6120
4440.000000	88.056252	163.3992
4500.000000	87.837296	161.6138
4550.000000	87.635147	160.3010
4620.000000	87.317093	158.6988
4680.000000	87.005096	157.6439
4750.000000	86.619324	156.8607
4820.000000	86.229622	156.7090
4870.000000	85.965103	156.8154
4940.000000	85.617233	157.6774
5000.000000	85.371635	158.7469
5080.000000	85.145401	160.5840
5150.000000	85.064819	162.3282
5220.000000	85.092094	163.8624
5300.000000	85.207245	165.1317
5380.000000	85.339722	165.5046
5450.000000	85.424286	165.3387
5520.000000	85.447212	164.9032
5600.000000	85.382179	164.3250
5700.000000	85.195404	164.0450
5800.000000	84.984695	164.6373
5900.000000	84.776871	165.9506
6000.000000	84.651001	167.8866
6080.000000	84.605515	169.7265
6150.000000	84.637451	171.1563
6220.000000	84.697182	172.7865
6300.000000	84.820374	174.5806
6400.000000	85.072090	176.4961
6500.000000	85.399071	178.4078
6600.000000	85.814247	179.5311
6700.000000	86.300224	179.8596
6800.000000	86.816124	179.3608
6900.000000	87.300438	177.8033
7000.000000	87.690125	175.0122
7100.000000	87.898674	171.4908
7200.000000	87.933022	167.6301
7300.000000	87.718582	163.7634
7400.000000	87.327950	160.6118
7500.000000	86.782578	158.5468
7620.000000	86.088715	157.6736
7750.000000	85.324036	158.5560
7880.000000	84.680107	160.8092
8000.000000	84.209846	163.7874
8120.000000	83.862724	166.9424
8250.000000	83.666626	170.9010
8380.000000	83.616318	174.9011
8500.000000	83.747070	178.2080
8620.000000	83.977737	-179.0329
8750.000000	84.418823	-176.8099
8850.000000	84.831070	-176.1064
9000.000000	85.593796	-177.4025
9120.000000	86.205391	178.6203
9250.000000	86.539413	171.5644
9380.000000	86.330238	162.0518
9500.000000	85.475327	153.5910
9620.000000	84.189682	148.1382
9750.000000	82.625893	144.7401
9880.000000	81.055740	144.4655
10000.000000	79.698143	146.0376
10150.000000	78.232323	148.9245
10300.000000	76.909836	152.5102
10440.000000	75.842529	157.2168
10600.000000	74.740440	163.3791
10750.000000	73.834686	168.6618
10900.000000	73.004906	174.9054
11060.000000	72.212265	-178.2280
11200.000000	71.707184	-171.0278
11380.000000	71.295578	-161.9346
11500.000000	71.080780	-155.2434
11720.000000	71.361359	-143.7997
11800.000000	71.506966	-140.6568
12060.000000	72.439117	-131.1130
12200.000000	73.051010	-127.6638
12410.000000	74.035973	-124.4009
12500.000000	74.343765	-124.2014
12650.000000	74.887222	-123.3524
12800.000000	75.428329	-123.6498
13150.000000	76.303192	-125.2671
13200.000000	76.378319	-126.2199
13400.000000	76.672142	-127.6671
13600.000000	76.779861	-129.7755
13800.000000	76.830971	-131.3297
14000.000000	76.806229	-132.6237
14300.000000	76.772842	-133.2323
14500.000000	76.824661	-134.1138
14750.000000	76.990852	-134.7076
15000.000000	77.348625	-136.0298
15250.000000	77.836571	-138.2663
15500.000000	78.610748	-142.0492
15750.000000	79.561646	-147.6949
16000.000000	80.681419	-157.3444
16250.000000	81.679047	-168.0018
16500.000000	83.445908	179.3149
16750.000000	85.738823	158.2354
17000.000000	87.702530	126.3596
17250.000000	88.529190	87.2403
17500.000000	88.198502	47.1493
17750.000000	87.171890	6.0606
18000.000000	85.378685	-34.1495
18250.000000	82.830597	-71.6476
18500.000000	80.266762	-106.2953
18750.000000	77.578972	-140.6276
19000.000000	74.719849	-174.9440
19250.000000	71.135048	147.6287
19500.000000	66.968857	116.2872
19750.000000	62.497993	84.7816
