
Frequency	dB	Unweighted
19.5	69.4
19.8	69.4
20.1	69.6
20.3	69.7
20.6	69.9
20.9	69.9
21.2	70
21.6	70.2
21.9	70.2
22.2	70.4
22.5	70.4
22.8	70.5
23.2	70.6
23.5	70.6
23.8	70.8
24.2	70.8
24.5	70.9
24.9	71
25.3	71.1
25.6	71.2
26	71.3
26.4	71.3
26.8	71.3
27.2	71.5
27.5	71.5
28	71.6
28.4	71.6
28.8	71.7
29.2	71.7
29.6	71.7
30	71.8
30.5	71.8
30.9	71.9
31.4	71.9
31.8	72
32.3	72
32.8	72.1
33.2	72.1
33.7	72.1
34.2	72.1
34.7	72.1
35.2	72.2
35.7	72.2
36.2	72.2
36.8	72.2
37.3	72.2
37.9	72.2
38.4	72.2
39	72.1
39.5	72
40.1	72
40.7	72
41.3	72
41.9	72
42.5	72
43.1	71.9
43.7	71.8
44.4	71.7
45	71.7
45.7	71.6
46.3	71.6
47	71.5
47.7	71.4
48.4	71.4
49.1	71.3
49.8	71.3
50.5	71.2
51.3	71.1
52	71
52.8	70.9
53.5	70.9
54.3	70.8
55.1	70.8
55.9	70.8
56.7	70.8
57.5	70.6
58.4	70.5
59.2	70.4
60.1	70.3
61	70.3
61.8	70.2
62.7	70.2
63.7	70
64.6	69.9
65.5	69.8
66.5	69.8
67.4	69.8
68.4	69.6
69.4	69.6
70.4	69.5
71.5	69.5
72.5	69.4
73.5	69.3
74.6	69.2
75.7	69.1
76.8	69
77.9	69
79.1	68.9
80.2	68.8
81.4	68.8
82.6	68.7
83.8	68.6
85	68.5
86.2	68.5
87.5	68.4
88.7	68.2
90	68.1
91.3	68.1
92.7	68.1
94	68
95.4	67.9
96.8	67.8
98.2	67.7
99.6	67.6
101	67.6
103	67.6
104	67.5
106	67.4
107	67.4
109	67.5
110	67.4
112	67.1
113	66.9
115	66.8
117	66.8
118	66.7
120	66.7
122	66.6
124	66.5
125	66.4
127	66.4
129	66.3
131	66.2
133	66.1
135	66.1
137	66
139	65.9
141	65.8
143	65.8
145	65.7
147	65.6
149	65.5
151	65.4
154	65.3
156	65.2
158	65.1
160	65
163	64.9
165	64.8
168	64.6
170	64.5
172	64.5
175	64.5
177	64.4
180	64.4
183	64.5
185	64.5
188	64.5
191	64.5
194	64.4
196	64.3
199	64.3
202	64.2
205	64.2
208	64.1
211	64.1
214	64
217	64
220	63.9
224	63.8
227	63.8
230	63.8
234	63.7
237	63.6
240	63.6
244	63.6
247	63.5
251	63.5
255	63.5
258	63.5
262	63.4
266	63.4
270	63.3
274	63.3
278	63.3
282	63.3
286	63.2
290	63.2
294	63.2
298	63.1
303	63.2
307	63.2
312	63.2
316	63.2
321	63.2
325	63.2
330	63.3
335	63.3
340	63.3
345	63.3
350	63.3
355	63.4
360	63.4
365	63.4
371	63.4
376	63.4
382	63.4
387	63.4
393	63.4
398	63.4
404	63.4
410	63.5
416	63.5
422	63.5
428	63.5
434	63.6
441	63.6
447	63.6
454	63.6
460	63.7
467	63.7
474	63.6
481	63.6
488	63.6
495	63.6
502	63.7
509	63.7
517	63.8
524	63.7
532	63.8
540	63.7
547	63.7
555	63.8
563	63.8
572	63.7
580	63.7
588	63.8
597	63.8
606	63.7
614	63.7
623	63.7
632	63.7
642	63.7
651	63.7
660	63.7
670	63.6
680	63.6
690	63.6
700	63.6
710	63.5
720	63.5
731	63.5
741	63.5
752	63.5
763	63.4
774	63.4
785	63.3
797	63.4
808	63.4
820	63.3
832	63.3
844	63.3
856	63.3
869	63.3
882	63.3
894	63.3
907	63.3
921	63.3
934	63.3
948	63.3
961	63.3
975	63.4
990	63.5
1004	63.5
1019	63.6
1033	63.6
1048	63.7
1064	63.8
1079	64
1095	64
1111	64.3
1127	64.4
1143	64.5
1160	64.8
1177	64.9
1194	65.1
1211	65.2
1229	65.4
1247	65.5
1265	65.6
1283	65.8
1302	65.8
1321	66.1
1340	66.1
1360	66.3
1379	66.4
1399	66.5
1420	66.5
1440	66.6
1461	66.7
1483	66.8
1504	66.9
1526	66.9
1548	67.1
1571	67.1
1594	67.1
1617	67.3
1640	67.3
1664	67.5
1688	67.5
1713	67.7
1738	67.8
1763	67.9
1789	68
1815	68
1841	68.3
1868	68.4
1895	68.5
1923	68.5
1951	68.8
1979	68.9
2008	69.1
2037	69.3
2067	69.3
2097	69.6
2127	69.7
2158	70
2190	70.1
2221	70.4
2254	70.5
2287	70.6
2320	71.1
2354	71.2
2388	71.6
2423	71.7
2458	72
2494	72.1
2530	72.4
2567	72.7
2604	72.8
2642	73.1
2680	73.1
2719	73.4
2759	73.5
2799	73.6
2840	73.6
2881	73.6
2923	73.6
2965	73.6
3008	73.6
3052	73.6
3097	73.6
3142	73.7
3187	73.9
3234	73.9
3281	74
3328	73.9
3377	73.9
3426	73.8
3476	73.7
3526	73.7
3578	73.6
3630	73.5
3682	73.3
3736	73.2
3790	73.1
3846	73
3901	72.8
3958	72.7
4016	72.6
4074	72.5
4133	72.5
4194	72.4
4255	72.4
4316	72.3
4379	72.3
4443	72.3
4508	72.4
4573	72.4
4640	72.5
4707	72.5
4776	72.7
4845	72.8
4916	72.9
4987	72.9
5060	73
5133	73.2
5208	73.2
5284	73.7
5360	73.9
5438	74.4
5518	74.5
5598	74.5
5679	74.3
5762	73.8
5846	73.1
5931	72.8
6017	71.9
6104	71.4
6193	70.9
6283	70.5
6375	70.1
6467	69.8
6561	69.6
6657	69.3
6754	69.1
6852	69
6952	68.9
7053	68.9
7155	69
7259	69.1
7365	69.3
7472	69.6
7581	70
7691	70.6
7803	71.2
7916	71.8
8032	72
8148	71.6
8267	71.2
8387	69.1
8509	67.6
8633	66.4
8758	65.4
8886	64.8
9015	64.4
9146	64.2
9279	64.3
9414	64.5
9551	64.9
9690	65.5
9831	66.3
9974	67.1
10119	68
10266	68.4
10416	67.9
10567	67.2
10721	65.7
10877	64.1
11035	62.4
11196	60.9
11358	59.7
11524	58.6
11691	57.7
11861	57
12034	56.5
12209	56.2
12386	56
12567	55.9
12749	55.9
12935	55.9
13123	56
13314	56
13507	56.1
13704	56.3
13903	56.5
14105	56.6
14311	57
14519	57.7
14730	58.1
14944	59
15162	60.1
15382	60.9
15606	60.9
15833	60
16063	57.5
16297	56.6
16534	54.4
16774	53.9
17018	53
17266	52.4
17517	52.1
17772	52.1
18030	52.2
18293	51.8
18559	50.7
18829	47.7
19102	43.5
19380	38.8
20000	34.1
overall dB	93 dB
decay	Average
averaging	No Smoothing
source	Headset Mic 1 Low Range


saved	1/6/20, 5:50 PM
peak	26.4Hz
