* Measurement data measured by REW V5.19
* Source: Microphone (USB Sound Device        ), no input selected, L, volume: no control
* Format: 256k Log Swept Sine, 1 sweep at -12.0 dBFS  With no timing reference
* Dated: 28-Jan-2022 11:38:04
* REW Settings:
*  C-weighting compensation: Off
*  Target level: 75.0 dB
* Note: 
* Measurement: Lypertek Z5 L
* Smoothing: 1/24 octave
* Frequency Step: 1/48 octave
* Start Frequency: 20.000 Hz
*
* Freq(Hz)	SPL(dB)	Phase(degrees)
20.000000	90.113	-119.2546
20.299999	90.161	-119.8446
20.600000	90.206	-120.4257
20.900000	90.251	-121.0011
21.200001	90.295	-121.5728
21.400000	90.325	-121.9511
21.799999	90.384	-122.6953
22.000000	90.413	-123.0580
22.400000	90.471	-123.7591
22.700001	90.519	-124.2652
23.000000	90.570	-124.7608
23.299999	90.621	-125.2540
23.600000	90.669	-125.7488
24.000000	90.727	-126.4092
24.299999	90.766	-126.8960
24.700001	90.814	-127.5180
25.000000	90.849	-127.9580
25.400000	90.894	-128.5125
25.799999	90.940	-129.0475
26.200001	90.985	-129.5815
26.500000	91.019	-129.9865
26.900000	91.063	-130.5297
27.200001	91.093	-130.9347
27.600000	91.131	-131.4660
28.000000	91.167	-131.9849
28.500000	91.208	-132.6157
29.000000	91.249	-133.2221
29.500000	91.294	-133.7996
30.000000	91.345	-134.3545
30.400000	91.389	-134.7921
30.700001	91.422	-135.1206
31.100000	91.468	-135.5584
31.500000	91.511	-135.9923
32.000000	91.562	-136.5242
32.500000	91.610	-137.0471
33.000000	91.654	-137.5657
33.500000	91.693	-138.0757
34.000000	91.731	-138.5658
34.500000	91.772	-139.0340
35.000000	91.817	-139.4931
35.500000	91.864	-139.9585
36.000000	91.911	-140.4300
36.500000	91.958	-140.8935
37.000000	92.003	-141.3348
37.500000	92.046	-141.7540
38.200001	92.101	-142.3302
38.700001	92.133	-142.7539
39.500000	92.167	-143.4518
40.000000	92.184	-143.8731
40.599998	92.213	-144.3380
41.200001	92.254	-144.7704
41.799999	92.302	-145.2040
42.500000	92.356	-145.7232
43.099998	92.397	-146.1577
43.700001	92.436	-146.5760
44.400002	92.482	-147.0549
45.000000	92.521	-147.4579
45.500000	92.556	-147.7905
46.200001	92.611	-148.2725
46.799999	92.657	-148.7003
47.500000	92.707	-149.1745
48.200001	92.757	-149.6367
48.700001	92.790	-150.0068
49.400002	92.823	-150.5847
50.000000	92.842	-151.0484
50.799999	92.874	-151.5355
51.500000	92.916	-151.9170
52.200001	92.960	-152.3353
53.000000	93.001	-152.8387
53.799999	93.039	-153.3486
54.500000	93.074	-153.8095
55.200001	93.112	-154.2725
56.000000	93.154	-154.7956
57.000000	93.198	-155.4581
58.000000	93.231	-156.1191
59.000000	93.265	-156.7581
60.000000	93.304	-157.3887
60.799999	93.334	-157.8981
61.500000	93.359	-158.3437
62.200001	93.383	-158.7869
63.000000	93.414	-159.2916
64.000000	93.455	-159.9161
65.000000	93.493	-160.5433
66.000000	93.523	-161.1814
67.000000	93.547	-161.8065
68.000000	93.569	-162.4212
69.000000	93.584	-163.0395
70.000000	93.593	-163.6464
71.000000	93.602	-164.2353
72.000000	93.612	-164.8295
73.000000	93.622	-165.4322
74.000000	93.636	-166.0238
75.000000	93.652	-166.6000
76.199997	93.664	-167.2825
77.500000	93.668	-168.0274
78.800003	93.661	-168.7686
80.000000	93.648	-169.4389
81.199997	93.635	-170.0797
82.500000	93.624	-170.7465
83.800003	93.615	-171.3996
85.000000	93.608	-171.9921
86.199997	93.596	-172.5694
87.500000	93.576	-173.1832
88.500000	93.552	-173.6505
90.000000	93.507	-174.3143
91.199997	93.474	-174.8159
92.500000	93.444	-175.3380
93.800003	93.420	-175.8397
95.000000	93.400	-176.2943
96.199997	93.377	-176.7422
97.500000	93.344	-177.2180
98.800003	93.299	-177.6628
100.000000	93.257	-178.0423
101.500000	93.210	-178.5192
103.000000	93.168	-178.9936
104.400002	93.135	-179.4044
106.000000	93.099	-179.8468
107.500000	93.057	179.7537
109.000000	93.005	179.3761
110.599998	92.949	178.9869
112.000000	92.904	178.6609
113.800003	92.852	178.2797
115.000000	92.818	178.0412
117.199997	92.755	177.6138
118.000000	92.731	177.4623
120.599998	92.644	177.0117
122.000000	92.600	176.7854
124.099998	92.543	176.4587
125.000000	92.521	176.3259
126.500000	92.484	176.1142
128.000000	92.442	175.9156
131.500000	92.330	175.5032
132.000000	92.315	175.4485
134.000000	92.263	175.2251
136.000000	92.216	175.0051
138.000000	92.159	174.8199
140.000000	92.094	174.6677
143.000000	92.008	174.4507
145.000000	91.961	174.3065
147.500000	91.901	174.1293
150.000000	91.838	173.9804
152.500000	91.778	173.8659
155.000000	91.727	173.7515
157.500000	91.674	173.6370
160.000000	91.618	173.5381
162.500000	91.568	173.4603
165.000000	91.525	173.3919
167.500000	91.474	173.3168
170.000000	91.408	173.2410
172.500000	91.327	173.1823
175.000000	91.237	173.1425
177.500000	91.134	173.1126
180.000000	91.027	173.0920
182.500000	90.938	173.0742
185.000000	90.878	173.0582
187.500000	90.837	173.0496
190.000000	90.800	173.0529
192.500000	90.757	173.0799
195.000000	90.706	173.1379
197.500000	90.642	173.2397
200.000000	90.564	173.4139
203.000000	90.466	173.7650
206.000000	90.383	174.3173
209.000000	90.333	175.0337
212.000000	90.328	175.7410
214.000000	90.347	176.0981
218.000000	90.396	176.4238
220.000000	90.409	176.4395
224.000000	90.407	176.3679
227.000000	90.394	176.3130
230.000000	90.372	176.2880
233.000000	90.345	176.2861
236.000000	90.316	176.2995
240.000000	90.273	176.3553
243.000000	90.240	176.4188
247.000000	90.202	176.5302
250.000000	90.170	176.6397
254.000000	90.119	176.7914
258.000000	90.068	176.9414
262.000000	90.018	177.1328
265.000000	89.984	177.2834
269.000000	89.940	177.4782
272.000000	89.910	177.6268
276.000000	89.872	177.8364
280.000000	89.835	178.0602
285.000000	89.788	178.3285
290.000000	89.742	178.6304
295.000000	89.700	178.9505
300.000000	89.662	179.2568
304.000000	89.634	179.5112
307.000000	89.615	179.7025
311.000000	89.592	179.9503
315.000000	89.563	-179.7932
320.000000	89.519	-179.4521
325.000000	89.482	-179.1076
330.000000	89.455	-178.7766
335.000000	89.424	-178.4419
340.000000	89.382	-178.0725
345.000000	89.338	-177.6785
350.000000	89.301	-177.2728
355.000000	89.272	-176.8203
360.000000	89.251	-176.3219
365.000000	89.237	-175.8172
370.000000	89.232	-175.3579
375.000000	89.229	-174.9567
382.000000	89.221	-174.4400
387.000000	89.212	-174.0954
395.000000	89.195	-173.5505
400.000000	89.186	-173.1934
406.000000	89.174	-172.7517
412.000000	89.159	-172.2913
418.000000	89.144	-171.8298
425.000000	89.141	-171.2953
431.000000	89.146	-170.8259
437.000000	89.149	-170.3515
444.000000	89.151	-169.8062
450.000000	89.152	-169.3534
455.000000	89.152	-168.9928
462.000000	89.151	-168.4973
468.000000	89.154	-168.0664
475.000000	89.167	-167.5513
482.000000	89.186	-167.0211
487.000000	89.196	-166.6428
494.000000	89.204	-166.1240
500.000000	89.211	-165.6840
508.000000	89.230	-165.1062
515.000000	89.250	-164.5998
522.000000	89.268	-164.0837
530.000000	89.294	-163.4906
538.000000	89.327	-162.9106
545.000000	89.352	-162.4080
552.000000	89.373	-161.9045
560.000000	89.397	-161.3450
570.000000	89.446	-160.6591
580.000000	89.512	-159.9836
590.000000	89.573	-159.3237
600.000000	89.630	-158.6973
608.000000	89.680	-158.2166
615.000000	89.729	-157.8167
622.000000	89.781	-157.4499
630.000000	89.841	-157.0722
640.000000	89.912	-156.6494
650.000000	89.977	-156.2804
660.000000	90.033	-155.9682
670.000000	90.080	-155.6817
680.000000	90.121	-155.3808
690.000000	90.154	-155.0275
700.000000	90.175	-154.6106
710.000000	90.191	-154.1128
720.000000	90.210	-153.5131
730.000000	90.243	-152.8436
740.000000	90.292	-152.1574
750.000000	90.354	-151.4707
762.000000	90.435	-150.6542
775.000000	90.529	-149.8134
788.000000	90.635	-149.0360
800.000000	90.742	-148.3583
812.000000	90.854	-147.7126
825.000000	90.976	-147.0597
838.000000	91.100	-146.4565
850.000000	91.218	-145.9418
862.000000	91.338	-145.4587
875.000000	91.467	-144.9809
885.000000	91.567	-144.6427
900.000000	91.716	-144.1698
912.000000	91.835	-143.8316
925.000000	91.966	-143.5164
938.000000	92.098	-143.2414
950.000000	92.217	-143.0165
962.000000	92.332	-142.8232
975.000000	92.455	-142.6558
988.000000	92.578	-142.5346
1000.000000	92.690	-142.4651
1015.000000	92.826	-142.4323
1030.000000	92.954	-142.4413
1044.000000	93.065	-142.4817
1060.000000	93.188	-142.5701
1075.000000	93.298	-142.6952
1090.000000	93.403	-142.8563
1106.000000	93.514	-143.0570
1120.000000	93.609	-143.2567
1138.000000	93.716	-143.5394
1150.000000	93.776	-143.7397
1172.000000	93.873	-144.1230
1180.000000	93.907	-144.2638
1206.000000	94.011	-144.7074
1220.000000	94.065	-144.9417
1241.000000	94.139	-145.2945
1250.000000	94.168	-145.4382
1265.000000	94.211	-145.6606
1280.000000	94.251	-145.8642
1315.000000	94.337	-146.2709
1320.000000	94.349	-146.3186
1340.000000	94.397	-146.4845
1360.000000	94.446	-146.6269
1380.000000	94.493	-146.7424
1400.000000	94.541	-146.8196
1430.000000	94.626	-146.8675
1450.000000	94.688	-146.8687
1475.000000	94.779	-146.8286
1500.000000	94.894	-146.7458
1525.000000	95.035	-146.6407
1550.000000	95.208	-146.5130
1575.000000	95.397	-146.3640
1600.000000	95.555	-146.2057
1625.000000	95.620	-146.0485
1650.000000	95.574	-145.8914
1675.000000	95.464	-145.7435
1700.000000	95.364	-145.6293
1725.000000	95.326	-145.5552
1750.000000	95.370	-145.5173
1775.000000	95.489	-145.5253
1800.000000	95.653	-145.5934
1825.000000	95.825	-145.7246
1850.000000	95.995	-145.9290
1875.000000	96.162	-146.2155
1900.000000	96.332	-146.5812
1925.000000	96.500	-147.0201
1950.000000	96.659	-147.5239
1975.000000	96.804	-148.0910
2000.000000	96.934	-148.7149
2030.000000	97.071	-149.5217
2060.000000	97.186	-150.3732
2090.000000	97.281	-151.2570
2120.000000	97.355	-152.1492
2140.000000	97.394	-152.7356
2180.000000	97.453	-153.8643
2200.000000	97.475	-154.3993
2240.000000	97.509	-155.3947
2270.000000	97.525	-156.0747
2300.000000	97.536	-156.7081
2330.000000	97.540	-157.2964
2360.000000	97.538	-157.8425
2400.000000	97.534	-158.5009
2430.000000	97.533	-158.9454
2470.000000	97.529	-159.4729
2500.000000	97.524	-159.8128
2540.000000	97.518	-160.1990
2580.000000	97.518	-160.5248
2620.000000	97.527	-160.8049
2650.000000	97.544	-161.0061
2690.000000	97.582	-161.3164
2720.000000	97.618	-161.6100
2760.000000	97.662	-162.0939
2800.000000	97.695	-162.6675
2850.000000	97.725	-163.4398
2900.000000	97.741	-164.2253
2950.000000	97.736	-165.0241
3000.000000	97.712	-165.8233
3040.000000	97.683	-166.4574
3070.000000	97.655	-166.9272
3110.000000	97.608	-167.5340
3150.000000	97.554	-168.0921
3200.000000	97.477	-168.6617
3250.000000	97.387	-169.0257
3300.000000	97.290	-169.1134
3350.000000	97.200	-168.8870
3400.000000	97.131	-168.3660
3450.000000	97.090	-167.6178
3500.000000	97.087	-166.7552
3550.000000	97.129	-165.9153
3600.000000	97.212	-165.2107
3650.000000	97.325	-164.7183
3700.000000	97.455	-164.4751
3750.000000	97.593	-164.4731
3820.000000	97.786	-164.8197
3870.000000	97.913	-165.2600
3950.000000	98.070	-166.1404
4000.000000	98.130	-166.7019
4060.000000	98.159	-167.2626
4120.000000	98.159	-167.6265
4180.000000	98.154	-167.8039
4250.000000	98.170	-167.9104
4310.000000	98.207	-168.0632
4370.000000	98.263	-168.3419
4440.000000	98.344	-168.8044
4500.000000	98.411	-169.2896
4550.000000	98.463	-169.7310
4620.000000	98.534	-170.3614
4680.000000	98.600	-170.8844
4750.000000	98.702	-171.4532
4820.000000	98.847	-172.0735
4870.000000	98.982	-172.6682
4940.000000	99.207	-173.8807
5000.000000	99.406	-175.3553
5080.000000	99.635	-177.9198
5150.000000	99.762	179.4170
5220.000000	99.795	176.5450
5300.000000	99.712	173.2434
5380.000000	99.500	170.1492
5450.000000	99.217	167.7522
5520.000000	98.857	165.7344
5600.000000	98.378	163.9442
5700.000000	97.726	162.5025
5800.000000	97.063	161.9061
5900.000000	96.435	162.0739
6000.000000	95.863	162.9044
6080.000000	95.449	163.9763
6150.000000	95.126	165.1357
6220.000000	94.841	166.4483
6300.000000	94.561	168.0910
6400.000000	94.279	170.2610
6500.000000	94.066	172.4968
6600.000000	93.929	174.7390
6700.000000	93.864	176.8263
6800.000000	93.832	178.7631
6900.000000	93.817	-179.4182
7000.000000	93.827	-177.8776
7100.000000	93.849	-176.6951
7200.000000	93.872	-175.7690
7300.000000	93.894	-174.9588
7400.000000	93.912	-174.3356
7500.000000	93.901	-173.8806
7620.000000	93.858	-173.6631
7750.000000	93.782	-173.5545
7880.000000	93.633	-173.4736
8000.000000	93.457	-173.2245
8120.000000	93.263	-172.5166
8250.000000	93.127	-171.2031
8380.000000	93.105	-169.6596
8500.000000	93.216	-168.0463
8620.000000	93.481	-166.3470
8750.000000	93.959	-164.7665
8850.000000	94.492	-164.1949
9000.000000	95.525	-165.2057
9120.000000	96.466	-168.5581
9250.000000	97.372	-175.9746
9380.000000	97.836	172.5519
9500.000000	97.639	160.1972
9620.000000	96.806	148.9033
9750.000000	95.360	140.1626
9880.000000	93.657	135.4712
10000.000000	92.092	134.0367
10150.000000	90.309	134.8444
10300.000000	88.750	137.4035
10440.000000	87.487	140.8312
10600.000000	86.242	145.6261
10750.000000	85.235	150.6430
10900.000000	84.364	155.9561
11060.000000	83.621	161.9246
11200.000000	83.126	167.3427
11380.000000	82.677	174.3518
11500.000000	82.478	178.9895
11720.000000	82.300	-172.6398
11800.000000	82.302	-169.6563
12060.000000	82.587	-160.4917
12200.000000	82.935	-155.8334
12410.000000	83.793	-149.4131
12500.000000	84.301	-147.1898
12650.000000	85.372	-144.7915
12800.000000	86.755	-144.6959
13150.000000	89.946	-161.9090
13200.000000	90.183	-166.8838
13400.000000	90.071	170.4146
13600.000000	88.179	152.5437
13800.000000	85.148	144.3809
14000.000000	82.006	143.3564
14300.000000	78.183	148.6348
14500.000000	76.297	153.5726
14750.000000	74.511	160.2617
15000.000000	72.861	167.0002
15250.000000	71.052	176.1641
15500.000000	69.465	-171.8859
15750.000000	68.026	-159.8042
16000.000000	66.458	-148.4389
16250.000000	65.112	-137.8653
16500.000000	64.439	-127.5496
16750.000000	64.426	-117.4150
17000.000000	64.615	-107.5889
17250.000000	64.935	-98.4954
17500.000000	65.485	-90.5214
17750.000000	66.316	-88.4882
18000.000000	67.406	-125.1637
18250.000000	68.744	106.5965
18500.000000	69.958	-34.8280
18750.000000	70.250	-141.7092
19000.000000	69.090	5.6462
19250.000000	66.678	77.0400
19500.000000	63.951	-83.1842
19750.000000	61.775	176.2134
