* Measurement data measured by REW V5.19
* Source: In 1-2 (MOTU M Series), no input selected, L, volume: no control
* Format: 1M Log Swept Sine, 1 sweep at -3.0 dBFS  With no timing reference
* Dated: 10 Dec, 2021 10:13:15 PM
* REW Settings:
*  C-weighting compensation: Off
*  Target level: 75.0 dB
* Note: ; 
* Measurement: Dec 10 22:13:15
* Smoothing: 1/48 octave
* Frequency Step: 1/48 octave
* Start Frequency: 10.1 Hz
*
* Freq(Hz), SPL(dB), Phase(degrees)
10.145, 78.600, 19.045
10.293, 78.566, 18.482
10.443, 78.531, 17.731
10.595, 78.477, 16.755
10.749, 78.422, 15.740
10.905, 78.383, 14.974
11.064, 78.350, 14.293
11.225, 78.310, 13.505
11.388, 78.267, 12.668
11.554, 78.224, 11.862
11.722, 78.180, 11.075
11.892, 78.134, 10.309
12.065, 78.087, 9.560
12.241, 78.039, 8.813
12.419, 77.990, 8.077
12.599, 77.942, 7.375
12.782, 77.895, 6.691
12.968, 77.848, 6.001
13.157, 77.801, 5.317
13.348, 77.755, 4.644
13.543, 77.708, 3.975
13.740, 77.659, 3.308
13.939, 77.609, 2.652
14.142, 77.558, 2.009
14.348, 77.506, 1.384
14.557, 77.454, 0.776
14.768, 77.401, 0.184
14.983, 77.350, -0.392
15.201, 77.299, -0.960
15.422, 77.249, -1.523
15.646, 77.200, -2.086
15.874, 77.149, -2.648
16.105, 77.098, -3.212
16.339, 77.043, -3.768
16.577, 76.986, -4.308
16.818, 76.927, -4.822
17.063, 76.866, -5.297
17.311, 76.807, -5.726
17.563, 76.753, -6.116
17.818, 76.706, -6.477
18.077, 76.669, -6.837
18.340, 76.642, -7.229
18.607, 76.620, -7.679
18.877, 76.599, -8.199
19.152, 76.574, -8.791
19.431, 76.540, -9.427
19.713, 76.495, -10.073
20.000, 76.441, -10.696
20.291, 76.380, -11.274
20.586, 76.318, -11.804
20.885, 76.258, -12.297
21.189, 76.199, -12.775
21.497, 76.143, -13.253
21.810, 76.084, -13.735
22.127, 76.024, -14.210
22.449, 75.960, -14.665
22.776, 75.895, -15.092
23.107, 75.830, -15.491
23.443, 75.767, -15.871
23.784, 75.705, -16.240
24.130, 75.645, -16.605
24.481, 75.583, -16.965
24.837, 75.522, -17.317
25.198, 75.459, -17.658
25.565, 75.397, -17.987
25.937, 75.334, -18.305
26.314, 75.272, -18.612
26.697, 75.209, -18.910
27.085, 75.147, -19.197
27.479, 75.084, -19.468
27.879, 75.023, -19.719
28.284, 74.964, -19.954
28.696, 74.909, -20.181
29.113, 74.856, -20.413
29.537, 74.804, -20.653
29.966, 74.753, -20.890
30.402, 74.702, -21.115
30.844, 74.654, -21.331
31.293, 74.610, -21.553
31.748, 74.568, -21.795
32.210, 74.525, -22.055
32.678, 74.480, -22.318
33.154, 74.433, -22.568
33.636, 74.387, -22.801
34.125, 74.344, -23.026
34.621, 74.304, -23.261
35.125, 74.267, -23.521
35.636, 74.228, -23.808
36.154, 74.188, -24.111
36.680, 74.145, -24.423
37.214, 74.101, -24.744
37.755, 74.053, -25.072
38.304, 74.001, -25.389
38.861, 73.946, -25.676
39.427, 73.893, -25.931
40.000, 73.842, -26.168
40.582, 73.794, -26.397
41.172, 73.748, -26.616
41.771, 73.707, -26.827
42.379, 73.672, -27.052
42.995, 73.643, -27.320
43.620, 73.616, -27.654
44.255, 73.588, -28.067
44.898, 73.553, -28.566
45.552, 73.504, -29.129
46.214, 73.438, -29.707
46.886, 73.358, -30.253
47.568, 73.266, -30.743
48.260, 73.167, -31.161
48.962, 73.064, -31.512
49.674, 72.958, -31.793
50.397, 72.851, -31.989
51.130, 72.750, -32.123
51.874, 72.651, -32.250
52.628, 72.547, -32.350
53.394, 72.442, -32.370
54.170, 72.344, -32.345
54.958, 72.251, -32.330
55.758, 72.154, -32.279
56.569, 72.066, -32.158
57.391, 71.989, -32.059
58.226, 71.904, -31.976
59.073, 71.815, -31.721
59.932, 71.757, -31.340
60.804, 71.723, -31.063
61.688, 71.686, -30.875
62.586, 71.644, -30.681
63.496, 71.602, -30.450
64.420, 71.572, -30.214
65.357, 71.546, -30.064
66.307, 71.513, -29.914
67.272, 71.490, -29.733
68.250, 71.474, -29.599
69.243, 71.459, -29.453
70.250, 71.453, -29.284
71.272, 71.453, -29.116
72.309, 71.467, -28.911
73.360, 71.501, -28.821
74.427, 71.535, -28.857
75.510, 71.575, -29.025
76.608, 71.593, -29.367
77.723, 71.602, -29.597
78.853, 71.622, -29.949
80.000, 71.621, -30.301
81.164, 71.627, -30.639
82.344, 71.618, -31.013
83.542, 71.605, -31.322
84.757, 71.594, -31.648
85.990, 71.575, -32.022
87.241, 71.547, -32.374
88.510, 71.522, -32.709
89.797, 71.491, -33.072
91.103, 71.455, -33.372
92.428, 71.423, -33.659
93.773, 71.389, -33.933
95.137, 71.357, -34.181
96.520, 71.335, -34.438
97.924, 71.311, -34.735
99.349, 71.290, -34.999
100.794, 71.276, -35.283
102.260, 71.263, -35.592
103.747, 71.251, -35.920
105.256, 71.239, -36.297
106.787, 71.228, -36.710
108.340, 71.218, -37.167
109.916, 71.208, -37.653
111.515, 71.197, -38.190
113.137, 71.183, -38.771
114.783, 71.166, -39.434
116.452, 71.143, -40.189
118.146, 71.116, -41.014
119.865, 71.083, -41.999
121.608, 71.027, -43.115
123.377, 70.933, -44.482
125.171, 70.743, -45.926
126.992, 70.441, -46.844
128.839, 70.133, -46.631
130.713, 69.961, -45.815
132.615, 69.899, -45.288
134.543, 69.862, -45.193
136.500, 69.814, -45.375
138.486, 69.749, -45.667
140.500, 69.666, -46.018
142.544, 69.567, -46.344
144.617, 69.459, -46.657
146.721, 69.338, -46.917
148.855, 69.213, -47.107
151.020, 69.082, -47.239
153.217, 68.947, -47.291
155.445, 68.814, -47.262
157.706, 68.683, -47.173
160.000, 68.552, -47.002
162.327, 68.426, -46.763
164.688, 68.304, -46.449
167.084, 68.194, -46.029
169.514, 68.100, -45.608
171.980, 68.013, -45.175
174.481, 67.939, -44.715
177.019, 67.865, -44.295
179.594, 67.781, -43.837
182.206, 67.697, -43.210
184.856, 67.636, -42.363
187.545, 67.619, -41.400
190.273, 67.650, -40.548
193.041, 67.709, -39.890
195.849, 67.782, -39.376
198.697, 67.867, -38.998
201.587, 67.962, -38.784
204.520, 68.065, -38.717
207.494, 68.169, -38.819
210.512, 68.271, -39.069
213.574, 68.373, -39.502
216.681, 68.467, -40.094
219.833, 68.549, -40.870
223.030, 68.614, -41.780
226.274, 68.658, -42.861
229.565, 68.677, -44.108
232.905, 68.668, -45.436
236.292, 68.603, -46.780
239.729, 68.486, -48.130
243.216, 68.302, -49.238
246.754, 68.104, -49.690
250.343, 67.975, -49.912
253.984, 67.870, -50.372
257.678, 67.738, -50.865
261.426, 67.587, -51.284
265.229, 67.429, -51.550
269.087, 67.268, -51.682
273.001, 67.110, -51.705
276.972, 66.964, -51.584
281.000, 66.830, -51.366
285.088, 66.708, -51.059
289.234, 66.597, -50.718
293.441, 66.501, -50.343
297.710, 66.424, -49.957
302.040, 66.356, -49.596
306.433, 66.294, -49.242
310.890, 66.239, -48.865
315.412, 66.195, -48.517
320.000, 66.157, -48.213
324.655, 66.125, -47.902
329.377, 66.097, -47.584
334.168, 66.081, -47.235
339.028, 66.082, -46.942
343.959, 66.083, -46.750
348.962, 66.092, -46.565
354.038, 66.116, -46.440
359.188, 66.141, -46.442
364.412, 66.160, -46.536
369.713, 66.175, -46.727
375.090, 66.176, -46.957
380.546, 66.167, -47.179
386.081, 66.159, -47.431
391.697, 66.156, -47.700
397.395, 66.141, -47.972
403.175, 66.120, -48.288
409.039, 66.086, -48.577
414.989, 66.044, -48.799
421.025, 66.006, -48.964
427.149, 65.964, -49.129
433.362, 65.919, -49.243
439.665, 65.876, -49.307
446.060, 65.830, -49.292
452.548, 65.779, -49.227
459.131, 65.748, -49.144
465.809, 65.720, -49.023
472.584, 65.706, -48.833
479.458, 65.695, -48.652
486.432, 65.697, -48.448
493.507, 65.713, -48.273
500.686, 65.736, -48.165
507.968, 65.760, -48.062
515.357, 65.794, -48.004
522.853, 65.835, -48.059
530.458, 65.872, -48.092
538.174, 65.912, -48.169
546.002, 65.956, -48.294
553.943, 66.004, -48.453
562.001, 66.050, -48.683
570.175, 66.095, -48.944
578.469, 66.144, -49.237
586.883, 66.188, -49.595
595.419, 66.232, -49.978
604.080, 66.277, -50.415
612.866, 66.315, -50.912
621.780, 66.349, -51.449
630.824, 66.377, -52.038
640.000, 66.396, -52.641
649.309, 66.399, -53.259
658.753, 66.402, -53.840
668.335, 66.395, -54.443
678.056, 66.385, -55.010
687.919, 66.373, -55.557
697.925, 66.361, -56.098
708.076, 66.347, -56.661
718.376, 66.330, -57.248
728.825, 66.303, -57.867
739.426, 66.265, -58.471
750.181, 66.215, -59.025
761.093, 66.160, -59.529
772.163, 66.102, -59.963
783.394, 66.041, -60.345
794.789, 65.982, -60.659
806.349, 65.925, -60.928
818.078, 65.873, -61.187
829.977, 65.818, -61.425
842.050, 65.767, -61.651
854.297, 65.712, -61.862
866.724, 65.653, -62.040
879.330, 65.592, -62.199
892.120, 65.528, -62.293
905.097, 65.462, -62.328
918.262, 65.394, -62.299
931.618, 65.329, -62.123
945.169, 65.271, -61.832
958.917, 65.234, -61.423
972.864, 65.222, -60.963
987.015, 65.233, -60.552
1001.371, 65.260, -60.185
1015.937, 65.294, -59.891
1030.714, 65.346, -59.568
1045.706, 65.438, -59.497
1060.916, 65.487, -59.732
1076.347, 65.485, -59.899
1092.003, 65.470, -59.809
1107.887, 65.462, -59.466
1124.001, 65.480, -58.913
1140.350, 65.538, -58.303
1156.937, 65.630, -57.717
1173.765, 65.750, -57.170
1190.838, 65.901, -56.706
1208.159, 66.087, -56.383
1225.732, 66.295, -56.300
1243.561, 66.510, -56.472
1261.649, 66.716, -56.911
1280.000, 66.907, -57.498
1298.618, 67.081, -58.168
1317.507, 67.246, -58.852
1336.670, 67.413, -59.612
1356.113, 67.588, -60.478
1375.838, 67.762, -61.543
1395.850, 67.919, -62.800
1416.153, 68.047, -64.285
1436.751, 68.128, -65.873
1457.649, 68.161, -67.417
1478.851, 68.153, -68.762
1500.362, 68.123, -69.781
1522.185, 68.105, -70.571
1544.326, 68.101, -71.227
1566.789, 68.118, -71.865
1589.578, 68.129, -72.438
1612.699, 68.133, -72.908
1636.156, 68.158, -73.225
1659.955, 68.209, -73.434
1684.099, 68.288, -73.626
1708.595, 68.392, -73.822
1733.447, 68.526, -74.056
1758.661, 68.696, -74.454
1784.241, 68.870, -75.087
1810.193, 69.038, -75.808
1836.523, 69.225, -76.571
1863.236, 69.429, -77.434
1890.338, 69.658, -78.714
1917.833, 69.867, -80.458
1945.729, 70.011, -82.439
1974.030, 70.102, -84.330
2002.743, 70.180, -86.046
2031.873, 70.252, -87.754
2061.428, 70.316, -89.656
2091.412, 70.349, -91.710
2121.832, 70.326, -93.881
2152.695, 70.210, -95.964
2184.007, 70.011, -97.385
2215.774, 69.823, -97.822
2248.003, 69.734, -97.712
2280.701, 69.747, -97.879
2313.874, 69.763, -98.409
2347.530, 69.753, -98.908
2381.676, 69.743, -99.216
2416.318, 69.751, -99.406
2451.464, 69.761, -99.540
2487.122, 69.743, -99.267
2523.298, 69.788, -98.516
2560.000, 69.935, -97.663
2597.236, 70.140, -97.052
2635.014, 70.377, -96.449
2673.341, 70.690, -95.907
2712.226, 71.072, -95.689
2751.676, 71.497, -95.895
2791.700, 71.942, -96.436
2832.306, 72.417, -97.402
2873.503, 72.888, -98.711
2915.299, 73.328, -100.264
2957.703, 73.745, -102.228
3000.724, 74.132, -104.612
3044.370, 74.490, -107.322
3088.652, 74.806, -110.344
3133.577, 75.084, -113.631
3179.156, 75.301, -117.230
3225.398, 75.453, -121.108
3272.312, 75.545, -125.017
3319.909, 75.574, -128.816
3368.198, 75.548, -132.455
3417.190, 75.472, -135.884
3466.894, 75.361, -139.041
3517.321, 75.223, -141.895
3568.482, 75.080, -144.368
3620.387, 74.965, -146.559
3673.046, 74.894, -148.677
3726.472, 74.838, -150.810
3780.675, 74.815, -153.080
3835.666, 74.801, -155.636
3891.457, 74.763, -158.460
3948.060, 74.693, -161.413
4005.486, 74.597, -164.578
4063.747, 74.434, -167.966
4122.855, 74.183, -171.407
4182.824, 73.822, -174.558
4243.664, 73.377, -177.171
4305.390, 72.873, -179.032
4368.013, 72.328, -179.857
4431.547, 71.821, -179.265
4496.005, 71.503, -177.341
4561.401, 71.517, -175.215
4627.749, 71.822, -174.420
4695.061, 72.181, -175.887
4763.352, 72.357, -178.992
4832.637, 72.285, 177.518
4902.929, 72.035, 174.632
4974.244, 71.725, 172.599
5046.596, 71.423, 170.975
5120.000, 71.114, 169.511
5194.472, 70.776, 168.275
5270.027, 70.394, 167.408
5346.682, 69.998, 167.315
5424.451, 69.670, 167.873
5503.352, 69.464, 168.611
5583.399, 69.283, 169.130
5664.612, 69.108, 169.518
5747.006, 68.947, 169.975
5830.598, 68.797, 170.567
5915.406, 68.655, 171.362
6001.447, 68.547, 172.485
6088.740, 68.510, 173.884
6177.303, 68.580, 175.425
6267.154, 68.799, 176.778
6358.312, 69.159, 177.359
6450.796, 69.598, 176.654
6544.625, 70.015, 174.438
6639.818, 70.297, 170.722
6736.397, 70.344, 166.072
6834.380, 70.126, 161.342
6933.789, 69.678, 157.305
7034.643, 69.086, 154.461
7136.964, 68.446, 152.875
7240.773, 67.829, 152.250
7346.093, 67.258, 152.128
7452.944, 66.649, 152.583
7561.350, 66.070, 153.948
7671.332, 65.597, 156.215
7782.915, 65.268, 158.945
7896.120, 65.091, 161.743
8010.971, 65.045, 164.239
8127.493, 65.115, 166.067
8245.711, 65.231, 166.833
8365.647, 65.265, 166.469
8487.328, 65.123, 165.561
8610.779, 64.785, 165.089
8736.026, 64.354, 166.120
8863.095, 64.046, 167.797
8992.011, 63.618, 170.373
9122.803, 63.415, 174.326
9255.497, 63.417, 178.640
9390.121, 63.725, -177.225
9526.704, 64.294, -174.897
9665.273, 64.894, -175.048
9805.857, 65.320, -177.244
9948.487, 65.437, 179.462
10093.191, 65.187, 176.495
10240.000, 64.664, 175.798
10388.944, 64.249, 178.698
10540.055, 64.584, -177.191
10693.363, 65.385, -178.113
10848.902, 65.624, 176.694
11006.703, 65.279, 172.696
11166.799, 64.710, 171.475
11329.224, 64.249, 173.184
11494.012, 64.292, 176.378
11661.195, 64.880, 177.776
11830.812, 65.494, 174.824
12002.895, 65.639, 170.533
12177.480, 65.728, 167.642
12354.606, 66.052, 163.986
12534.309, 66.447, 157.522
12716.624, 66.593, 147.793
12901.592, 66.251, 136.085
13089.250, 65.382, 124.045
13279.637, 64.073, 112.949
13472.794, 62.460, 103.163
13668.760, 60.640, 94.183
13867.577, 58.628, 85.561
14069.285, 56.420, 76.618
14273.928, 53.998, 66.088
14481.547, 51.319, 51.466
14692.186, 48.387, 28.881
14905.889, 45.967, -4.022
15122.700, 45.782, -39.804
15342.664, 47.441, -66.356
15565.829, 49.421, -83.544
15792.239, 50.985, -96.052
16021.942, 52.115, -104.189
16254.986, 53.481, -107.698
16491.422, 55.907, -111.968
16731.295, 58.386, -127.938
16974.656, 58.889, -152.652
17221.559, 57.726, -168.662
17472.053, 57.012, -175.590
17726.189, 57.267, 176.357
17984.021, 57.710, 163.046
18245.605, 57.741, 145.194
18510.994, 57.122, 125.305
18780.242, 56.042, 105.505
19053.408, 54.603, 85.404
19330.547, 52.878, 66.463
19611.715, 51.241, 46.931
19896.975, 49.803, 26.725
