* Measurement data measured by REW V5.20.5
* Source: default [default], no input selected, L, volume: no control
* Format: 512k Log Swept Sine, 1 sweep at -12.0 dBFS with no timing reference
* Dated: Feb 27, 2022 6:40:46 PM
* REW Settings:
*  C-weighting compensation: Off
*  Target level: 75.0 dB
* Note: 
* Measurement: Altec iM716Bass L
* Smoothing: None
* Frequency Step: 1/48 octave
* Start Frequency: 20.000 Hz
*
* Freq(Hz)	SPL(dB)	Phase(degrees)
20.000000	85.926	68.4870
20.299999	86.065	68.1357
20.600000	86.212	67.9020
20.900000	86.367	67.7289
21.200001	86.532	67.5402
21.400000	86.645	67.3825
21.799999	86.860	66.9856
22.000000	86.961	66.7628
22.400000	87.145	66.3008
22.700001	87.267	65.9534
23.000000	87.375	65.6202
23.299999	87.470	65.3147
23.600000	87.556	65.0347
24.000000	87.664	64.6990
24.299999	87.741	64.4818
24.700001	87.847	64.2221
25.000000	87.932	64.0316
25.400000	88.053	63.7535
25.799999	88.185	63.4094
26.200001	88.320	62.9606
26.500000	88.418	62.5710
26.900000	88.541	62.0366
27.200001	88.626	61.6191
27.600000	88.736	61.0893
28.000000	88.847	60.6012
28.500000	88.991	60.0023
29.000000	89.129	59.4226
29.500000	89.260	58.8851
30.000000	89.386	58.4140
30.400000	89.489	58.0584
30.700001	89.565	57.7912
31.100000	89.663	57.4341
31.500000	89.758	57.0896
32.000000	89.872	56.6706
32.500000	89.985	56.2709
33.000000	90.098	55.8289
33.500000	90.208	55.3133
34.000000	90.305	54.7491
34.500000	90.398	54.1626
35.000000	90.485	53.6107
35.500000	90.572	53.1387
36.000000	90.666	52.7254
36.500000	90.770	52.2549
37.000000	90.878	51.7389
37.500000	90.978	51.1998
38.200001	91.091	50.4535
38.700001	91.161	49.9805
39.500000	91.278	49.3873
40.000000	91.360	49.0516
40.599998	91.456	48.6062
41.200001	91.549	48.0900
41.799999	91.636	47.5349
42.500000	91.730	46.9273
43.099998	91.807	46.4102
43.700001	91.880	45.8595
44.400002	91.956	45.2493
45.000000	92.021	44.7823
45.500000	92.085	44.4256
46.200001	92.174	43.8733
46.799999	92.237	43.3570
47.500000	92.303	42.8163
48.200001	92.379	42.3195
48.700001	92.437	41.9267
49.400002	92.492	41.3862
50.000000	92.525	41.0177
50.799999	92.622	40.5071
51.500000	92.701	40.0007
52.200001	92.762	39.4733
53.000000	92.824	38.9501
53.799999	92.889	38.4544
54.500000	92.946	37.9988
55.200001	92.998	37.5319
56.000000	93.051	37.0262
57.000000	93.121	36.4534
58.000000	93.183	35.8287
59.000000	93.238	35.3546
60.000000	93.313	34.7978
60.799999	93.358	34.3191
61.500000	93.395	33.9465
62.200001	93.438	33.5926
63.000000	93.486	33.1898
64.000000	93.533	32.6844
65.000000	93.584	32.1660
66.000000	93.631	31.6732
67.000000	93.680	31.1565
68.000000	93.713	30.6764
69.000000	93.758	30.2633
70.000000	93.793	29.7525
71.000000	93.826	29.3700
72.000000	93.876	28.9584
73.000000	93.907	28.4703
74.000000	93.940	28.0619
75.000000	93.970	27.6535
76.199997	94.008	27.1311
77.500000	94.045	26.6320
78.800003	94.092	26.0962
80.000000	94.123	25.6017
81.199997	94.144	25.1710
82.500000	94.180	24.6793
83.800003	94.201	24.1179
85.000000	94.227	23.7433
86.199997	94.249	23.2412
87.500000	94.275	22.7769
88.500000	94.293	22.4124
90.000000	94.320	21.8730
91.199997	94.333	21.4438
92.500000	94.360	21.0200
93.800003	94.382	20.5752
95.000000	94.401	20.1793
96.199997	94.416	19.7910
97.500000	94.426	19.4583
98.800003	94.446	18.9971
100.000000	94.452	19.4640
101.500000	94.491	18.2080
103.000000	94.497	17.8069
104.400002	94.498	17.3428
106.000000	94.525	16.9411
107.500000	94.525	16.4729
109.000000	94.546	16.1065
110.599998	94.548	15.6662
112.000000	94.559	15.3091
113.800003	94.564	14.8059
115.000000	94.573	14.5690
117.199997	94.577	14.0608
118.000000	94.585	13.8518
120.599998	94.596	13.3638
122.000000	94.590	12.8461
124.099998	94.599	12.4141
125.000000	94.600	12.1713
126.500000	94.598	11.8549
128.000000	94.600	11.5512
131.500000	94.595	10.8813
132.000000	94.596	10.7969
134.000000	94.604	10.4373
136.000000	94.605	10.1352
138.000000	94.604	9.8561
140.000000	94.602	9.5746
143.000000	94.592	9.1787
145.000000	94.591	8.9103
147.500000	94.575	8.6332
150.000000	94.600	8.5512
152.500000	94.561	8.0903
155.000000	94.545	7.8225
157.500000	94.539	7.5722
160.000000	94.527	7.4019
162.500000	94.513	7.1340
165.000000	94.496	6.9032
167.500000	94.486	6.7081
170.000000	94.472	6.5084
172.500000	94.468	6.3032
175.000000	94.455	6.1328
177.500000	94.443	5.9727
180.000000	94.435	5.8310
182.500000	94.429	5.6781
185.000000	94.422	5.6038
187.500000	94.407	5.4331
190.000000	94.393	5.2638
192.500000	94.386	5.0907
195.000000	94.371	4.9181
197.500000	94.337	4.7732
200.000000	94.203	4.6113
203.000000	94.292	4.2877
206.000000	94.286	4.0736
209.000000	94.271	3.8720
212.000000	94.245	3.6990
214.000000	94.228	3.6081
218.000000	94.198	3.3095
220.000000	94.179	3.2467
224.000000	94.151	2.9615
227.000000	94.130	2.8926
230.000000	94.090	2.7370
233.000000	94.069	2.6230
236.000000	94.051	2.4797
240.000000	94.014	2.2457
243.000000	93.983	2.1277
247.000000	93.959	2.0345
250.000000	93.920	1.8173
254.000000	93.909	1.8083
258.000000	93.885	1.5983
262.000000	93.853	1.5466
265.000000	93.828	1.4771
269.000000	93.794	1.4136
272.000000	93.770	1.3466
276.000000	93.747	1.2411
280.000000	93.704	1.1372
285.000000	93.667	1.0387
290.000000	93.629	0.9803
295.000000	93.590	0.8991
300.000000	93.578	1.3906
304.000000	93.522	0.8517
307.000000	93.499	0.7955
311.000000	93.462	0.7673
315.000000	93.413	0.7624
320.000000	93.384	0.8576
325.000000	93.345	0.9702
330.000000	93.308	1.1842
335.000000	93.267	1.4007
340.000000	93.226	1.5622
345.000000	93.193	1.8427
350.000000	93.123	1.9317
355.000000	93.116	2.2981
360.000000	93.076	2.5589
365.000000	93.054	2.7805
370.000000	93.010	2.9643
375.000000	92.971	3.1888
382.000000	92.915	3.5480
387.000000	92.880	3.6985
395.000000	92.833	4.0542
400.000000	92.828	4.5114
406.000000	92.757	4.5778
412.000000	92.723	4.9050
418.000000	92.686	5.1268
425.000000	92.639	5.5018
431.000000	92.614	5.8198
437.000000	92.574	6.1014
444.000000	92.533	6.6090
450.000000	92.506	6.8851
455.000000	92.480	7.1854
462.000000	92.441	7.4196
468.000000	92.403	7.7129
475.000000	92.358	7.8752
482.000000	92.333	8.0520
487.000000	92.311	8.2079
494.000000	92.270	8.4190
500.000000	92.226	8.6695
508.000000	92.208	8.8756
515.000000	92.178	9.0587
522.000000	92.152	9.2814
530.000000	92.120	9.5927
538.000000	92.081	9.8364
545.000000	92.051	10.1455
552.000000	92.030	10.3825
560.000000	92.006	10.7093
570.000000	91.965	11.1000
580.000000	91.939	11.5931
590.000000	91.908	11.8962
600.000000	91.874	12.3205
608.000000	91.876	12.6902
615.000000	91.870	12.8769
622.000000	91.854	13.2077
630.000000	91.834	13.5090
640.000000	91.816	13.9721
650.000000	91.817	14.3816
660.000000	91.779	14.7617
670.000000	91.771	15.2168
680.000000	91.755	15.7845
690.000000	91.737	16.2677
700.000000	91.741	16.6331
710.000000	91.741	17.3346
720.000000	91.752	18.0481
730.000000	91.780	18.7160
740.000000	91.831	19.2736
750.000000	91.858	19.8979
762.000000	91.913	20.3859
775.000000	91.969	21.1726
788.000000	92.026	22.3787
800.000000	92.023	23.3740
812.000000	92.087	24.6191
825.000000	92.134	25.8834
838.000000	92.175	27.1811
850.000000	92.229	28.3270
862.000000	92.292	29.6085
875.000000	92.355	30.8383
885.000000	92.414	31.8875
900.000000	92.534	33.6474
912.000000	92.590	34.5575
925.000000	92.676	35.7736
938.000000	92.784	37.0735
950.000000	92.880	38.1770
962.000000	92.987	39.2345
975.000000	93.097	40.4110
988.000000	93.230	41.5603
1000.000000	93.226	44.6314
1015.000000	93.494	43.6362
1030.000000	93.646	44.8994
1044.000000	93.787	45.9322
1060.000000	93.968	46.9876
1075.000000	94.114	47.9285
1090.000000	94.266	48.9316
1106.000000	94.430	49.7526
1120.000000	94.533	50.1775
1138.000000	94.686	50.4036
1150.000000	94.799	50.6091
1172.000000	94.986	50.8397
1180.000000	95.051	50.8444
1206.000000	95.271	51.0317
1220.000000	95.430	51.0388
1241.000000	95.674	51.0775
1250.000000	95.781	51.1488
1265.000000	95.949	51.0804
1280.000000	96.117	51.0717
1315.000000	96.503	51.0400
1320.000000	96.564	50.9932
1340.000000	96.775	50.9510
1360.000000	97.020	50.8510
1380.000000	97.222	50.8348
1400.000000	97.450	50.7752
1430.000000	97.765	50.7802
1450.000000	97.964	50.6700
1475.000000	98.221	50.6107
1500.000000	98.495	50.5586
1525.000000	98.758	50.5142
1550.000000	98.976	50.4370
1575.000000	99.198	50.4182
1600.000000	99.424	50.2676
1625.000000	99.649	50.1546
1650.000000	99.887	50.0872
1675.000000	100.135	49.9352
1700.000000	100.392	49.6714
1725.000000	100.639	49.4933
1750.000000	100.893	49.1583
1775.000000	101.164	48.8693
1800.000000	101.420	48.4632
1825.000000	101.702	47.9499
1850.000000	101.981	47.7831
1875.000000	102.288	47.9088
1900.000000	102.582	48.1674
1925.000000	102.899	48.2474
1950.000000	103.210	48.2117
1975.000000	103.519	48.1043
2000.000000	103.869	48.8460
2030.000000	104.222	47.4047
2060.000000	104.608	46.7640
2090.000000	104.984	45.8760
2120.000000	105.378	44.7020
2140.000000	105.609	43.7720
2180.000000	106.040	41.0921
2200.000000	106.240	39.4187
2240.000000	106.607	35.7844
2270.000000	106.836	33.0216
2300.000000	107.000	29.8546
2330.000000	107.112	26.7753
2360.000000	107.181	23.5893
2400.000000	107.164	19.5302
2430.000000	107.092	16.4156
2470.000000	106.902	12.6147
2500.000000	106.714	10.0166
2540.000000	106.403	6.8299
2580.000000	106.048	4.3036
2620.000000	105.672	2.0372
2650.000000	105.397	0.6795
2690.000000	104.983	-1.6989
2720.000000	104.685	-3.6730
2760.000000	104.279	-5.9528
2800.000000	103.904	-7.8859
2850.000000	103.453	-10.0689
2900.000000	103.025	-11.7846
2950.000000	102.635	-13.4762
3000.000000	102.340	-14.9985
3040.000000	102.020	-15.7940
3070.000000	101.837	-16.4254
3110.000000	101.605	-17.1679
3150.000000	101.404	-17.9096
3200.000000	101.155	-18.7518
3250.000000	100.937	-19.5543
3300.000000	100.747	-20.3544
3350.000000	100.600	-21.0881
3400.000000	100.459	-21.7881
3450.000000	100.339	-22.5991
3500.000000	100.242	-23.3108
3550.000000	100.162	-24.0887
3600.000000	100.111	-24.8179
3650.000000	100.056	-25.7195
3700.000000	100.046	-26.5252
3750.000000	100.045	-27.3661
3820.000000	100.038	-28.7229
3870.000000	100.076	-29.6980
3950.000000	100.169	-31.5771
4000.000000	100.232	-32.6235
4060.000000	100.383	-34.4804
4120.000000	100.530	-36.1613
4180.000000	100.697	-38.2098
4250.000000	100.909	-40.7097
4310.000000	101.134	-43.2574
4370.000000	101.356	-46.0952
4440.000000	101.561	-49.3934
4500.000000	101.878	-50.3156
4550.000000	102.047	-50.8050
4620.000000	102.302	-52.3761
4680.000000	102.455	-54.0459
4750.000000	102.571	-56.5453
4820.000000	102.554	-59.4977
4870.000000	102.472	-61.5209
4940.000000	102.204	-64.6099
5000.000000	101.823	-67.0022
5080.000000	101.320	-69.6747
5150.000000	100.716	-71.2631
5220.000000	100.083	-72.1224
5300.000000	99.320	-72.4770
5380.000000	98.535	-71.7791
5450.000000	97.866	-70.6775
5520.000000	97.196	-69.1117
5600.000000	96.511	-66.9147
5700.000000	95.653	-63.4855
5800.000000	94.880	-59.5732
5900.000000	94.186	-55.2175
6000.000000	93.379	-51.4301
6080.000000	93.035	-47.0082
6150.000000	92.624	-43.5099
6220.000000	92.277	-40.3051
6300.000000	91.879	-36.2111
6400.000000	91.301	-32.0177
6500.000000	90.731	-28.1656
6600.000000	90.410	-26.0763
6700.000000	90.086	-24.0248
6800.000000	89.711	-22.0345
6900.000000	89.415	-19.8670
7000.000000	89.112	-17.1504
7100.000000	88.852	-15.6219
7200.000000	88.584	-13.3014
7300.000000	88.420	-11.3644
7400.000000	88.258	-9.5256
7500.000000	88.074	-7.1179
7620.000000	87.952	-4.9366
7750.000000	87.850	-2.5065
7880.000000	87.765	0.0562
8000.000000	87.675	1.6597
8120.000000	87.740	3.0659
8250.000000	87.615	4.4050
8380.000000	87.655	7.3043
8500.000000	87.912	8.8747
8620.000000	88.146	9.5495
8750.000000	88.340	9.0818
8850.000000	88.524	8.5370
9000.000000	88.715	7.2013
9120.000000	88.849	5.1800
9250.000000	88.863	2.4575
9380.000000	88.777	-0.3510
9500.000000	88.575	-3.6876
9620.000000	88.223	-6.5658
9750.000000	87.723	-9.5098
9880.000000	87.080	-11.6028
10000.000000	86.471	-13.0274
10150.000000	85.632	-13.2633
10300.000000	84.837	-12.9742
10440.000000	84.161	-11.6053
10600.000000	83.429	-9.5576
10750.000000	82.851	-4.9809
10900.000000	82.351	3.4023
11060.000000	81.952	13.4917
11200.000000	81.716	21.7967
11380.000000	81.463	32.7892
11500.000000	81.349	40.7599
11720.000000	81.450	55.5098
11800.000000	81.469	60.1623
12060.000000	81.896	76.9353
12200.000000	82.361	86.1276
12410.000000	83.305	99.2033
12500.000000	83.846	103.2084
12650.000000	84.821	108.7690
12800.000000	86.041	114.0697
13150.000000	89.852	120.0900
13200.000000	90.543	119.8633
13400.000000	93.362	113.0325
13600.000000	95.503	94.8935
13800.000000	95.837	73.0508
14000.000000	94.494	61.0199
14300.000000	93.578	54.1238
14500.000000	93.899	48.8803
14750.000000	94.815	30.6623
15000.000000	93.079	-3.2489
15250.000000	87.998	-22.4340
15500.000000	82.937	-26.9326
15750.000000	78.422	-32.6145
16000.000000	74.590	-35.3662
16250.000000	71.055	-36.8941
16500.000000	68.114	-38.5910
16750.000000	65.369	-37.4424
17000.000000	61.501	-41.9298
17250.000000	57.301	-40.3760
17500.000000	51.311	-48.6168
17750.000000	32.276	-69.0757
18000.000000	37.439	-99.1884
18250.000000	35.761	-40.3901
18500.000000	46.352	110.6182
18750.000000	42.889	119.5654
19000.000000	35.764	59.5322
19250.000000	47.998	84.6621
19500.000000	45.656	25.5400
19750.000000	30.357	24.8926
