* Measurement data measured by REW V5.19
* Source: PulseAudio Mixer, no input selected, L, volume: no control
* Format: 512k Log Swept Sine, 1 sweep at -12.0 dBFS  With no timing reference
* Dated: Feb 23, 2022 7:19:10 PM
* REW Settings:
*  C-weighting compensation: Off
*  Target level: 75.0 dB
* Note: 
* Measurement: Moondrop Quarks L
* Smoothing: None
* Frequency Step: 1/48 octave
* Start Frequency: 20.000 Hz
*
* Freq(Hz)	SPL(dB)	Phase(degrees)
20.000000	50.630	-122.1785
20.299999	50.696	-122.8107
20.600000	50.763	-123.4796
20.900000	50.829	-124.1640
21.200001	50.897	-124.8496
21.400000	50.946	-125.3045
21.799999	51.047	-126.2048
22.000000	51.099	-126.6457
22.400000	51.205	-127.4946
22.700001	51.286	-128.0885
23.000000	51.369	-128.6417
23.299999	51.454	-129.1590
23.600000	51.540	-129.6501
24.000000	51.654	-130.2768
24.299999	51.735	-130.7254
24.700001	51.834	-131.2841
25.000000	51.903	-131.6674
25.400000	51.988	-132.1328
25.799999	52.068	-132.5630
26.200001	52.142	-132.9827
26.500000	52.195	-133.3049
26.900000	52.258	-133.7575
27.200001	52.299	-134.1169
27.600000	52.346	-134.6109
28.000000	52.387	-135.0994
28.500000	52.438	-135.6823
29.000000	52.502	-136.2826
29.500000	52.576	-136.9877
30.000000	52.645	-137.8051
30.400000	52.691	-138.4669
30.700001	52.721	-138.9228
31.100000	52.764	-139.4565
31.500000	52.815	-139.9348
32.000000	52.890	-140.5329
32.500000	52.965	-141.1639
33.000000	53.030	-141.7772
33.500000	53.088	-142.3251
34.000000	53.140	-142.8258
34.500000	53.199	-143.3251
35.000000	53.252	-143.8369
35.500000	53.296	-144.3384
36.000000	53.334	-144.8052
36.500000	53.375	-145.2417
37.000000	53.420	-145.6868
37.500000	53.468	-146.1833
38.200001	53.518	-146.9449
38.700001	53.545	-147.4507
39.500000	53.595	-148.1148
40.000000	53.639	-148.5245
40.599998	53.692	-149.0829
41.200001	53.733	-149.6452
41.799999	53.768	-150.1305
42.500000	53.816	-150.6447
43.099998	53.859	-151.1278
43.700001	53.894	-151.6474
44.400002	53.923	-152.2240
45.000000	53.945	-152.6733
45.500000	53.966	-153.0343
46.200001	53.996	-153.5338
46.799999	54.024	-153.9541
47.500000	54.061	-154.4582
48.200001	54.095	-154.9940
48.700001	54.115	-155.3694
49.400002	54.139	-155.8456
50.000000	54.162	-156.2214
50.799999	54.197	-156.7209
51.500000	54.229	-157.1875
52.200001	54.255	-157.6877
53.000000	54.277	-158.2313
53.799999	54.300	-158.7324
54.500000	54.319	-159.1990
55.200001	54.331	-159.6442
56.000000	54.350	-160.0865
57.000000	54.378	-160.7148
58.000000	54.389	-161.2962
59.000000	54.416	-161.8459
60.000000	54.428	-162.5174
60.799999	54.432	-162.9317
61.500000	54.452	-163.2971
62.200001	54.470	-163.7535
63.000000	54.475	-164.2330
64.000000	54.492	-164.7200
65.000000	54.511	-165.2870
66.000000	54.515	-165.7863
67.000000	54.529	-166.2510
68.000000	54.536	-166.7766
69.000000	54.539	-167.2206
70.000000	54.554	-167.6936
71.000000	54.561	-168.1983
72.000000	54.572	-168.6672
73.000000	54.575	-169.1621
74.000000	54.575	-169.5309
75.000000	54.593	-169.9412
76.199997	54.594	-170.4926
77.500000	54.601	-171.0383
78.800003	54.592	-171.6127
80.000000	54.597	-172.0658
81.199997	54.590	-172.6279
82.500000	54.580	-173.0637
83.800003	54.580	-173.5782
85.000000	54.571	-174.0188
86.199997	54.569	-174.4404
87.500000	54.563	-174.9131
88.500000	54.559	-175.2178
90.000000	54.560	-175.7160
91.199997	54.550	-176.0836
92.500000	54.544	-176.4446
93.800003	54.538	-176.8126
95.000000	54.531	-177.2052
96.199997	54.519	-177.5159
97.500000	54.516	-177.9162
98.800003	54.514	-178.2361
100.000000	54.509	-178.7381
101.500000	54.472	-179.0243
103.000000	54.460	-179.3652
104.400002	54.454	-179.6134
106.000000	54.442	179.9250
107.500000	54.422	179.5772
109.000000	54.405	179.1885
110.599998	54.389	178.8631
112.000000	54.375	178.5415
113.800003	54.348	178.1454
115.000000	54.322	177.9022
117.199997	54.303	177.4107
118.000000	54.288	177.2780
120.599998	54.229	176.6807
122.000000	54.256	176.5240
124.099998	54.226	176.1088
125.000000	54.213	175.9086
126.500000	54.187	175.6823
128.000000	54.171	175.3408
131.500000	54.113	174.6547
132.000000	54.108	174.5616
134.000000	54.079	174.1983
136.000000	54.052	173.7836
138.000000	54.024	173.3975
140.000000	53.989	173.0899
143.000000	53.949	172.5217
145.000000	53.909	172.1830
147.500000	53.880	171.7353
150.000000	53.839	171.4138
152.500000	53.789	171.0107
155.000000	53.747	170.5880
157.500000	53.703	170.2204
160.000000	53.663	169.8916
162.500000	53.621	169.4951
165.000000	53.574	169.1840
167.500000	53.530	168.8519
170.000000	53.490	168.5582
172.500000	53.456	168.2192
175.000000	53.419	167.8866
177.500000	53.389	167.6526
180.000000	53.343	167.3547
182.500000	53.308	167.0648
185.000000	53.276	166.7877
187.500000	53.233	166.5568
190.000000	53.192	166.2758
192.500000	53.148	166.0863
195.000000	53.109	165.8401
197.500000	53.067	165.5351
200.000000	53.032	165.3980
203.000000	52.971	165.0581
206.000000	52.918	164.7918
209.000000	52.871	164.6042
212.000000	52.824	164.4582
214.000000	52.793	164.3331
218.000000	52.733	164.1975
220.000000	52.698	164.1488
224.000000	52.630	164.0446
227.000000	52.569	163.9232
230.000000	52.525	163.8754
233.000000	52.475	163.7698
236.000000	52.429	163.6643
240.000000	52.361	163.6246
243.000000	52.317	163.6115
247.000000	52.262	163.5052
250.000000	52.223	163.5156
254.000000	52.146	163.5073
258.000000	52.094	163.4926
262.000000	52.038	163.4722
265.000000	51.990	163.4239
269.000000	51.927	163.4398
272.000000	51.880	163.5190
276.000000	51.839	163.5733
280.000000	51.775	163.5305
285.000000	51.689	163.7137
290.000000	51.625	163.7524
295.000000	51.569	163.9412
300.000000	51.491	163.9743
304.000000	51.441	163.9615
307.000000	51.393	163.9826
311.000000	51.332	163.9072
315.000000	51.282	163.8861
320.000000	51.205	163.8068
325.000000	51.142	163.8580
330.000000	51.077	163.7682
335.000000	51.001	163.8510
340.000000	50.941	163.8044
345.000000	50.883	163.7939
350.000000	50.811	163.9616
355.000000	50.763	163.9434
360.000000	50.696	163.8920
365.000000	50.639	164.0266
370.000000	50.573	164.0672
375.000000	50.526	164.0392
382.000000	50.433	164.2135
387.000000	50.385	164.2249
395.000000	50.293	164.4030
400.000000	50.238	164.4636
406.000000	50.181	164.5411
412.000000	50.126	164.6958
418.000000	50.056	164.7817
425.000000	50.000	165.0196
431.000000	49.937	165.2056
437.000000	49.880	165.2772
444.000000	49.828	165.4234
450.000000	49.749	165.5755
455.000000	49.713	165.7214
462.000000	49.668	165.9250
468.000000	49.613	166.0766
475.000000	49.551	166.2502
482.000000	49.484	166.5419
487.000000	49.454	166.5988
494.000000	49.385	166.9282
500.000000	49.345	167.1684
508.000000	49.282	167.5038
515.000000	49.248	168.0386
522.000000	49.195	168.4461
530.000000	49.127	169.0009
538.000000	49.091	169.6147
545.000000	49.032	170.1563
552.000000	48.997	170.6045
560.000000	48.941	171.2207
570.000000	48.880	171.9595
580.000000	48.817	172.8651
590.000000	48.768	173.6288
600.000000	48.708	174.4053
608.000000	48.661	175.1765
615.000000	48.628	175.6961
622.000000	48.603	176.3319
630.000000	48.574	177.1182
640.000000	48.523	177.8792
650.000000	48.500	178.8441
660.000000	48.456	179.5818
670.000000	48.404	-179.4624
680.000000	48.352	-178.4835
690.000000	48.340	-177.6925
700.000000	48.301	-176.6503
710.000000	48.294	-175.5685
720.000000	48.288	-174.6453
730.000000	48.300	-173.7906
740.000000	48.267	-173.3029
750.000000	48.258	-172.7215
762.000000	48.286	-172.1482
775.000000	48.256	-171.5660
788.000000	48.216	-170.9592
800.000000	48.188	-170.1863
812.000000	48.171	-169.4616
825.000000	48.152	-168.6463
838.000000	48.124	-167.7258
850.000000	48.158	-166.8157
862.000000	48.176	-165.9879
875.000000	48.189	-165.0858
885.000000	48.214	-164.3938
900.000000	48.271	-163.4625
912.000000	48.322	-162.7074
925.000000	48.381	-161.9382
938.000000	48.435	-161.4029
950.000000	48.501	-160.8098
962.000000	48.565	-160.1843
975.000000	48.662	-159.6334
988.000000	48.729	-159.1420
1000.000000	48.765	-158.8667
1015.000000	48.890	-158.3680
1030.000000	49.002	-157.8551
1044.000000	49.099	-157.5860
1060.000000	49.228	-157.1972
1075.000000	49.320	-156.8815
1090.000000	49.395	-156.6279
1106.000000	49.465	-156.5059
1120.000000	49.562	-156.4409
1138.000000	49.636	-156.2975
1150.000000	49.699	-156.4190
1172.000000	49.788	-156.3773
1180.000000	49.839	-156.3633
1206.000000	49.937	-156.5146
1220.000000	50.030	-156.4109
1241.000000	50.204	-155.7137
1250.000000	50.289	-155.5092
1265.000000	50.384	-155.1865
1280.000000	50.478	-154.7204
1315.000000	50.744	-153.7201
1320.000000	50.777	-153.5554
1340.000000	50.918	-152.9633
1360.000000	51.078	-152.4293
1380.000000	51.229	-151.7377
1400.000000	51.372	-151.2359
1430.000000	51.569	-150.2637
1450.000000	51.711	-149.6165
1475.000000	51.879	-148.8336
1500.000000	52.065	-148.0657
1525.000000	52.254	-147.3723
1550.000000	52.373	-147.2212
1575.000000	52.277	-147.0425
1600.000000	52.320	-144.7498
1625.000000	52.493	-143.2407
1650.000000	52.661	-142.2147
1675.000000	52.812	-141.2344
1700.000000	52.975	-140.4782
1725.000000	53.087	-139.6265
1750.000000	53.193	-138.9563
1775.000000	53.278	-138.4257
1800.000000	53.417	-138.2969
1825.000000	53.572	-138.1953
1850.000000	53.725	-138.1165
1875.000000	53.875	-137.9955
1900.000000	54.028	-138.0539
1925.000000	54.184	-138.0522
1950.000000	54.343	-138.1340
1975.000000	54.516	-138.1154
2000.000000	54.701	-138.3422
2030.000000	54.909	-138.4935
2060.000000	55.112	-138.6155
2090.000000	55.338	-138.9698
2120.000000	55.570	-139.3273
2140.000000	55.716	-139.4967
2180.000000	56.028	-140.1624
2200.000000	56.201	-140.4866
2240.000000	56.526	-141.3176
2270.000000	56.787	-142.0141
2300.000000	57.050	-142.6859
2330.000000	57.308	-143.5726
2360.000000	57.578	-144.5137
2400.000000	57.948	-145.9493
2430.000000	58.227	-147.1596
2470.000000	58.603	-148.9949
2500.000000	58.873	-150.4060
2540.000000	59.242	-152.6180
2580.000000	59.621	-155.0197
2620.000000	59.981	-157.7265
2650.000000	60.239	-159.9956
2690.000000	60.576	-163.1846
2720.000000	60.818	-165.7544
2760.000000	61.105	-169.4883
2800.000000	61.356	-173.5714
2850.000000	61.605	-179.0241
2900.000000	61.754	175.0260
2950.000000	61.751	169.3948
3000.000000	61.655	164.9391
3040.000000	61.458	161.6496
3070.000000	61.256	159.4373
3110.000000	60.943	156.8021
3150.000000	60.593	154.6761
3200.000000	60.119	152.7584
3250.000000	59.652	151.3785
3300.000000	59.180	150.6277
3350.000000	58.752	150.2532
3400.000000	58.321	150.2480
3450.000000	57.931	150.5331
3500.000000	57.558	151.0999
3550.000000	57.235	151.9841
3600.000000	56.934	152.8645
3650.000000	56.670	153.8353
3700.000000	56.431	154.8524
3750.000000	56.211	155.8290
3820.000000	55.892	157.0595
3870.000000	55.680	158.0099
3950.000000	55.331	159.6004
4000.000000	55.102	160.6371
4060.000000	54.833	162.1136
4120.000000	54.550	163.7361
4180.000000	54.268	165.7264
4250.000000	53.981	167.3564
4310.000000	53.743	167.5015
4370.000000	53.541	167.8367
4440.000000	53.357	167.8756
4500.000000	53.236	168.1767
4550.000000	53.132	168.4968
4620.000000	53.018	168.4887
4680.000000	52.899	168.6049
4750.000000	52.814	168.4321
4820.000000	52.734	168.4931
4870.000000	52.672	168.4389
4940.000000	52.567	168.2841
5000.000000	52.489	168.2130
5080.000000	52.433	168.1040
5150.000000	52.381	168.0173
5220.000000	52.326	167.8120
5300.000000	52.266	167.4589
5380.000000	52.264	166.7653
5450.000000	52.231	166.5056
5520.000000	52.195	165.8961
5600.000000	52.154	165.2495
5700.000000	52.134	164.2144
5800.000000	52.084	163.1850
5900.000000	52.033	161.9104
6000.000000	51.988	160.8101
6080.000000	51.931	159.6004
6150.000000	51.896	158.5024
6220.000000	51.847	157.4057
6300.000000	51.808	156.2300
6400.000000	51.745	154.6574
6500.000000	51.604	152.9792
6600.000000	51.488	151.3011
6700.000000	51.386	149.8554
6800.000000	51.262	148.1978
6900.000000	51.120	146.3185
7000.000000	50.943	145.0750
7100.000000	50.742	143.9103
7200.000000	50.605	145.7220
7300.000000	50.444	147.8202
7400.000000	50.274	150.0611
7500.000000	50.037	152.6534
7620.000000	49.849	155.4033
7750.000000	49.624	159.0385
7880.000000	49.392	162.8210
8000.000000	49.245	166.2032
8120.000000	49.093	170.2520
8250.000000	48.904	174.1873
8380.000000	48.839	178.2756
8500.000000	48.821	-178.3710
8620.000000	48.795	-174.4301
8750.000000	48.790	-170.7748
8850.000000	48.806	-167.6592
9000.000000	48.849	-163.7159
9120.000000	48.924	-161.1539
9250.000000	48.949	-157.8408
9380.000000	49.094	-155.5267
9500.000000	49.155	-153.7415
9620.000000	49.197	-152.2029
9750.000000	49.229	-151.1298
9880.000000	49.163	-150.1382
10000.000000	49.065	-149.3950
10150.000000	48.865	-148.5041
10300.000000	48.469	-151.7300
10440.000000	47.953	-155.9840
10600.000000	47.325	-160.2267
10750.000000	46.628	-163.4504
10900.000000	45.846	-165.9703
11060.000000	44.982	-167.7533
11200.000000	44.260	-168.9613
11380.000000	43.341	-169.9589
11500.000000	42.721	-170.0024
11720.000000	41.716	-169.4264
11800.000000	41.245	-169.0697
12060.000000	40.331	-168.4627
12200.000000	39.767	-166.8871
12410.000000	39.176	-165.1436
12500.000000	38.910	-164.1862
12650.000000	38.581	-163.1466
12800.000000	38.300	-161.4390
13150.000000	37.705	-158.4978
13200.000000	37.553	-157.2726
13400.000000	37.411	-155.3988
13600.000000	37.216	-154.9942
13800.000000	37.487	-152.8035
14000.000000	37.201	-149.9489
14300.000000	37.550	-148.8006
14500.000000	37.680	-146.9274
14750.000000	37.763	-146.7629
15000.000000	37.991	-147.8096
15250.000000	38.367	-147.0181
15500.000000	38.655	-148.0662
15750.000000	38.730	-151.4298
16000.000000	38.821	-154.1227
16250.000000	38.745	-157.8440
16500.000000	38.384	-165.1177
16750.000000	37.819	-170.3102
17000.000000	37.269	-176.4564
17250.000000	36.711	-177.5323
17500.000000	35.591	-172.7425
17750.000000	34.614	-166.2689
18000.000000	33.204	-158.5771
18250.000000	32.583	-151.2456
18500.000000	31.749	-141.7607
18750.000000	30.118	-131.1992
19000.000000	29.787	-121.9069
19250.000000	29.284	-112.4757
19500.000000	28.492	-105.3904
19750.000000	28.490	-97.1074
