* Measurement data measured by REW V5.19
* Source: PulseAudio Mixer, no input selected, L, volume: no control
* Format: 512k Log Swept Sine, 1 sweep at -12.0 dBFS  With no timing reference
* Dated: Feb 23, 2022 11:49:28 PM
* REW Settings:
*  C-weighting compensation: Off
*  Target level: 75.0 dB
* Note: 
* Measurement: NAGAOKA P905 R
* Smoothing: None
* Frequency Step: 1/48 octave
* Start Frequency: 20.000 Hz
*
* Freq(Hz)	SPL(dB)	Phase(degrees)
20.000000	67.902	179.3269
20.299999	67.902	178.9751
20.600000	67.902	178.6229
20.900000	67.902	178.2724
21.200001	67.901	177.9294
21.400000	67.900	177.7087
21.799999	67.900	177.2913
22.000000	67.900	177.0943
22.400000	67.902	176.7165
22.700001	67.906	176.4370
23.000000	67.909	176.1543
23.299999	67.912	175.8676
23.600000	67.914	175.5812
24.000000	67.912	175.2120
24.299999	67.910	174.9496
24.700001	67.907	174.6171
25.000000	67.906	174.3727
25.400000	67.904	174.0425
25.799999	67.901	173.7036
26.200001	67.896	173.3622
26.500000	67.891	173.1096
26.900000	67.882	172.7789
27.200001	67.874	172.5327
27.600000	67.863	172.2014
28.000000	67.852	171.8655
28.500000	67.836	171.4480
29.000000	67.820	171.0463
29.500000	67.806	170.6606
30.000000	67.794	170.2769
30.400000	67.788	169.9645
30.700001	67.783	169.7282
31.100000	67.775	169.4156
31.500000	67.766	169.1124
32.000000	67.754	168.7484
32.500000	67.743	168.3924
33.000000	67.732	168.0331
33.500000	67.718	167.6698
34.000000	67.697	167.3119
34.500000	67.683	166.9666
35.000000	67.668	166.6299
35.500000	67.655	166.2912
36.000000	67.643	165.9431
36.500000	67.628	165.5894
37.000000	67.612	165.2414
37.500000	67.596	164.9077
38.200001	67.571	164.4533
38.700001	67.555	164.1231
39.500000	67.525	163.5940
40.000000	67.506	163.2831
40.599998	67.485	162.9222
41.200001	67.464	162.5464
41.799999	67.440	162.1616
42.500000	67.407	161.7504
43.099998	67.382	161.4284
43.700001	67.361	161.0914
44.400002	67.334	160.6707
45.000000	67.309	160.3196
45.500000	67.288	160.0381
46.200001	67.261	159.6356
46.799999	67.235	159.2804
47.500000	67.201	158.8909
48.200001	67.171	158.5437
48.700001	67.154	158.2994
49.400002	67.132	157.9242
50.000000	67.110	157.5758
50.799999	67.073	157.1292
51.500000	67.040	156.7795
52.200001	67.010	156.4401
53.000000	66.974	156.0481
53.799999	66.937	155.6761
54.500000	66.905	155.3598
55.200001	66.873	155.0350
56.000000	66.834	154.6733
57.000000	66.785	154.2515
58.000000	66.737	153.8254
59.000000	66.688	153.4132
60.000000	66.639	152.9987
60.799999	66.598	152.6732
61.500000	66.565	152.4038
62.200001	66.533	152.1274
63.000000	66.493	151.8079
64.000000	66.444	151.4415
65.000000	66.397	151.0671
66.000000	66.346	150.6973
67.000000	66.295	150.3552
68.000000	66.246	150.0075
69.000000	66.196	149.6690
70.000000	66.147	149.3484
71.000000	66.101	149.0254
72.000000	66.053	148.6949
73.000000	66.005	148.3873
74.000000	65.959	148.0641
75.000000	65.910	147.7348
76.199997	65.848	147.3584
77.500000	65.780	146.9498
78.800003	65.710	146.5494
80.000000	65.650	146.1745
81.199997	65.586	145.7885
82.500000	65.521	145.4040
83.800003	65.454	144.9962
85.000000	65.394	144.6646
86.199997	65.333	144.3108
87.500000	65.263	143.9821
88.500000	65.217	143.7211
90.000000	65.139	143.2878
91.199997	65.080	142.9773
92.500000	65.012	142.6562
93.800003	64.954	142.3697
95.000000	64.898	142.0945
96.199997	64.832	141.7400
97.500000	64.760	141.5512
98.800003	64.678	141.0239
100.000000	64.590	141.0874
101.500000	64.566	140.5156
103.000000	64.481	140.3127
104.400002	64.447	139.8997
106.000000	64.355	139.5957
107.500000	64.289	139.4031
109.000000	64.220	139.0706
110.599998	64.131	138.7133
112.000000	64.057	138.3946
113.800003	64.002	138.1955
115.000000	63.932	138.0242
117.199997	63.801	137.7879
118.000000	63.779	137.6285
120.599998	63.648	138.1707
122.000000	63.600	136.8683
124.099998	63.524	136.4609
125.000000	63.478	136.3592
126.500000	63.431	136.0942
128.000000	63.365	136.0017
131.500000	63.206	135.5542
132.000000	63.182	135.4653
134.000000	63.098	135.2968
136.000000	63.018	135.0714
138.000000	62.925	134.9125
140.000000	62.834	134.7387
143.000000	62.700	134.4709
145.000000	62.619	134.2993
147.500000	62.513	134.1402
150.000000	62.405	133.9781
152.500000	62.296	133.8070
155.000000	62.191	133.6471
157.500000	62.091	133.5096
160.000000	61.986	133.3745
162.500000	61.884	133.2551
165.000000	61.782	133.1616
167.500000	61.679	133.0857
170.000000	61.581	132.9753
172.500000	61.487	132.9086
175.000000	61.398	132.8587
177.500000	61.309	132.7941
180.000000	61.220	132.7063
182.500000	61.130	132.6124
185.000000	61.038	132.5348
187.500000	60.946	132.4442
190.000000	60.855	132.3451
192.500000	60.760	132.2483
195.000000	60.664	132.1477
197.500000	60.569	132.0402
200.000000	60.475	131.9604
203.000000	60.370	131.9139
206.000000	60.258	131.8738
209.000000	60.142	131.8282
212.000000	60.028	131.7908
214.000000	59.957	131.7694
218.000000	59.800	131.8124
220.000000	59.725	131.9546
224.000000	59.561	132.2172
227.000000	59.463	132.5004
230.000000	59.379	132.9131
233.000000	59.318	133.5352
236.000000	59.326	133.9068
240.000000	59.374	133.9679
243.000000	59.357	133.4952
247.000000	59.314	132.8384
250.000000	59.230	132.3513
254.000000	59.125	132.0801
258.000000	59.002	131.6906
262.000000	58.875	131.4987
265.000000	58.788	131.3725
269.000000	58.669	131.2551
272.000000	58.580	131.2361
276.000000	58.464	131.1643
280.000000	58.348	131.1540
285.000000	58.211	131.1181
290.000000	58.078	131.1347
295.000000	57.949	131.1292
300.000000	57.812	131.1308
304.000000	57.705	131.2117
307.000000	57.621	131.3049
311.000000	57.529	131.4411
315.000000	57.428	131.5818
320.000000	57.314	131.8314
325.000000	57.189	132.0910
330.000000	57.071	132.3618
335.000000	56.945	132.6246
340.000000	56.829	132.9224
345.000000	56.717	133.1773
350.000000	56.592	133.5296
355.000000	56.484	133.8042
360.000000	56.383	134.1756
365.000000	56.268	134.4726
370.000000	56.169	134.7592
375.000000	56.060	135.1054
382.000000	55.910	135.6368
387.000000	55.809	135.9841
395.000000	55.654	136.5728
400.000000	55.544	136.9258
406.000000	55.433	137.3768
412.000000	55.326	137.8727
418.000000	55.206	138.3223
425.000000	55.069	138.9142
431.000000	54.972	139.3771
437.000000	54.860	139.8764
444.000000	54.720	140.3189
450.000000	54.613	140.6432
455.000000	54.515	140.9048
462.000000	54.405	141.2056
468.000000	54.288	141.6212
475.000000	54.173	142.0139
482.000000	54.050	142.3900
487.000000	53.967	142.6197
494.000000	53.850	143.0580
500.000000	53.744	143.4333
508.000000	53.609	143.8978
515.000000	53.500	144.2830
522.000000	53.383	144.8076
530.000000	53.256	145.2702
538.000000	53.120	145.8019
545.000000	53.017	146.2994
552.000000	52.893	146.7357
560.000000	52.773	147.3092
570.000000	52.606	148.0845
580.000000	52.454	148.8022
590.000000	52.301	149.6610
600.000000	52.150	150.4656
608.000000	52.022	151.1716
615.000000	51.916	151.7741
622.000000	51.812	152.4978
630.000000	51.691	153.1658
640.000000	51.555	154.2620
650.000000	51.407	155.2764
660.000000	51.277	156.3890
670.000000	51.140	157.5350
680.000000	51.018	158.7732
690.000000	50.899	160.0231
700.000000	50.788	161.3786
710.000000	50.685	162.7474
720.000000	50.603	164.1921
730.000000	50.524	165.6900
740.000000	50.464	167.4297
750.000000	50.440	169.1325
762.000000	50.422	171.4409
775.000000	50.434	173.9221
788.000000	50.477	176.2314
800.000000	50.491	178.3760
812.000000	50.568	-179.4687
825.000000	50.638	-177.3282
838.000000	50.764	-175.3770
850.000000	50.887	-173.6731
862.000000	51.000	-171.8636
875.000000	51.142	-170.1650
885.000000	51.244	-169.0338
900.000000	51.400	-167.4326
912.000000	51.527	-166.3195
925.000000	51.674	-165.1692
938.000000	51.814	-164.0307
950.000000	51.915	-163.1233
962.000000	52.029	-162.3331
975.000000	52.162	-161.4652
988.000000	52.267	-160.7054
1000.000000	52.396	-159.9213
1015.000000	52.482	-159.0164
1030.000000	52.574	-158.2516
1044.000000	52.666	-157.7103
1060.000000	52.788	-156.9546
1075.000000	52.868	-156.4484
1090.000000	52.880	-156.3268
1106.000000	52.924	-156.1264
1120.000000	52.913	-155.9072
1138.000000	52.938	-155.1543
1150.000000	53.008	-154.6693
1172.000000	53.185	-154.7311
1180.000000	53.205	-154.8449
1206.000000	53.246	-154.9557
1220.000000	53.296	-154.9229
1241.000000	53.422	-154.8878
1250.000000	53.464	-154.9144
1265.000000	53.539	-154.7251
1280.000000	53.615	-154.6960
1315.000000	53.767	-154.5869
1320.000000	53.797	-154.5178
1340.000000	53.882	-154.2684
1360.000000	53.989	-154.1473
1380.000000	54.088	-153.9496
1400.000000	54.176	-153.7642
1430.000000	54.313	-153.3387
1450.000000	54.409	-153.1786
1475.000000	54.509	-152.7585
1500.000000	54.623	-152.4591
1525.000000	54.733	-152.1259
1550.000000	54.807	-151.6986
1575.000000	54.874	-151.2702
1600.000000	54.961	-150.8899
1625.000000	55.036	-150.4547
1650.000000	55.121	-150.0789
1675.000000	55.212	-149.5826
1700.000000	55.296	-149.2760
1725.000000	55.388	-148.8362
1750.000000	55.494	-148.4731
1775.000000	55.600	-148.0693
1800.000000	55.668	-147.5535
1825.000000	55.792	-146.4988
1850.000000	55.908	-145.1881
1875.000000	56.028	-143.9376
1900.000000	56.162	-142.6454
1925.000000	56.299	-141.4386
1950.000000	56.429	-140.2112
1975.000000	56.563	-138.9067
2000.000000	56.711	-137.7773
2030.000000	56.894	-136.3181
2060.000000	57.074	-134.8040
2090.000000	57.274	-133.4329
2120.000000	57.476	-132.0537
2140.000000	57.617	-131.1507
2180.000000	57.912	-129.3964
2200.000000	58.056	-128.5489
2240.000000	58.371	-126.8138
2270.000000	58.612	-125.6358
2300.000000	58.856	-124.5002
2330.000000	59.118	-123.4961
2360.000000	59.381	-122.4767
2400.000000	59.747	-121.1416
2430.000000	60.019	-120.3065
2470.000000	60.405	-119.2169
2500.000000	60.693	-118.5394
2540.000000	61.085	-117.7858
2580.000000	61.523	-117.3082
2620.000000	61.905	-117.9812
2650.000000	62.217	-118.9624
2690.000000	62.625	-120.4146
2720.000000	62.924	-121.6681
2760.000000	63.320	-123.5650
2800.000000	63.703	-125.7397
2850.000000	64.144	-128.8804
2900.000000	64.549	-132.4416
2950.000000	64.879	-136.3441
3000.000000	65.150	-140.4833
3040.000000	65.297	-144.0334
3070.000000	65.379	-146.7132
3110.000000	65.436	-150.2924
3150.000000	65.443	-153.8156
3200.000000	65.379	-158.0440
3250.000000	65.249	-161.9862
3300.000000	65.052	-165.5958
3350.000000	64.831	-168.9350
3400.000000	64.576	-171.8061
3450.000000	64.307	-174.3335
3500.000000	64.031	-176.4956
3550.000000	63.756	-178.4391
3600.000000	63.490	179.9482
3650.000000	63.228	178.5862
3700.000000	62.992	177.4346
3750.000000	62.765	176.4605
3820.000000	62.475	175.3337
3870.000000	62.298	174.7072
3950.000000	62.049	173.8931
4000.000000	61.913	173.4615
4060.000000	61.789	173.1204
4120.000000	61.688	172.7269
4180.000000	61.609	172.5461
4250.000000	61.559	172.3766
4310.000000	61.568	172.1692
4370.000000	61.556	172.4290
4440.000000	61.645	174.4582
4500.000000	61.733	176.3729
4550.000000	61.806	177.8737
4620.000000	61.960	179.9454
4680.000000	62.123	-178.3602
4750.000000	62.335	-176.4986
4820.000000	62.595	-174.7494
4870.000000	62.803	-173.6862
4940.000000	63.121	-172.4118
5000.000000	63.413	-171.4743
5080.000000	63.845	-170.8514
5150.000000	64.243	-170.8312
5220.000000	64.648	-171.4350
5300.000000	65.092	-172.8941
5380.000000	65.480	-175.3833
5450.000000	65.730	-178.3914
5520.000000	65.844	177.9377
5600.000000	65.776	173.3151
5700.000000	65.336	167.5176
5800.000000	64.550	162.6500
5900.000000	63.485	159.3069
6000.000000	62.226	157.7707
6080.000000	61.030	157.7935
6150.000000	59.721	159.2131
6220.000000	57.775	166.5826
6300.000000	59.204	-168.9765
6400.000000	60.273	173.6227
6500.000000	59.229	168.4922
6600.000000	58.291	167.4811
6700.000000	57.475	167.6677
6800.000000	56.800	168.6703
6900.000000	56.181	170.0812
7000.000000	55.660	171.7932
7100.000000	55.193	173.5327
7200.000000	54.791	175.4965
7300.000000	54.473	177.4283
7400.000000	54.199	179.5225
7500.000000	53.981	-178.2475
7620.000000	53.784	-175.6302
7750.000000	53.644	-172.9048
7880.000000	53.575	-169.7899
8000.000000	53.613	-167.6364
8120.000000	53.784	-165.0229
8250.000000	54.057	-162.3712
8380.000000	54.468	-160.0105
8500.000000	55.005	-158.2844
8620.000000	55.714	-156.9399
8750.000000	56.718	-156.1201
8850.000000	57.685	-156.5909
9000.000000	59.571	-159.8505
9120.000000	61.509	-166.9827
9250.000000	63.768	175.9255
9380.000000	64.567	145.8946
9500.000000	62.693	119.9300
9620.000000	59.848	105.4129
9750.000000	57.048	98.2695
9880.000000	54.675	95.5132
10000.000000	52.806	95.0780
10150.000000	50.854	95.8455
10300.000000	49.178	97.5698
10440.000000	47.820	99.5637
10600.000000	46.377	103.9269
10750.000000	45.306	112.1534
10900.000000	44.344	120.5410
11060.000000	43.331	129.8477
11200.000000	42.592	138.6409
11380.000000	41.739	148.7117
11500.000000	41.208	155.6368
11720.000000	40.396	169.1158
11800.000000	40.147	173.8110
12060.000000	39.485	-170.5723
12200.000000	39.069	-160.0310
12410.000000	38.732	-146.9847
12500.000000	38.548	-141.4599
12650.000000	38.357	-132.9399
12800.000000	38.129	-123.7818
13150.000000	38.308	-100.6184
13200.000000	38.260	-98.0058
13400.000000	38.340	-84.3712
13600.000000	38.640	-71.6584
13800.000000	39.473	-59.2582
14000.000000	39.874	-46.5983
14300.000000	40.979	-27.4512
14500.000000	41.765	-14.3714
14750.000000	43.255	0.6913
15000.000000	45.014	14.7412
15250.000000	47.315	24.8142
15500.000000	50.589	24.6055
15750.000000	55.062	9.8376
16000.000000	56.820	-40.2675
16250.000000	52.126	-72.2750
16500.000000	47.893	-77.9389
16750.000000	44.844	-76.1606
17000.000000	42.632	-71.9288
17250.000000	40.974	-64.2459
17500.000000	39.793	-60.8680
17750.000000	38.714	-53.8043
18000.000000	37.644	-47.4707
18250.000000	37.176	-41.9268
18500.000000	36.889	-33.8507
18750.000000	36.884	-30.7031
19000.000000	37.408	-25.9992
19250.000000	38.486	-24.3237
19500.000000	40.284	-30.9740
19750.000000	41.885	-53.6822
