* Measurement data measured by REW V5.20.5
* Source: default [default], no input selected, L, volume: no control
* Format: 512k Log Swept Sine, 1 sweep at -12.0 dBFS with no timing reference
* Dated: Feb 27, 2022 6:05:54 PM
* REW Settings:
*  C-weighting compensation: Off
*  Target level: 75.0 dB
* Note: 
* Measurement: Yinyoo ASH R
* Smoothing: None
* Frequency Step: 1/48 octave
* Start Frequency: 20.000 Hz
*
* Freq(Hz)	SPL(dB)	Phase(degrees)
20.000000	106.971	166.5566
20.299999	106.950	166.4469
20.600000	106.919	166.3540
20.900000	106.883	166.3065
21.200001	106.851	166.2819
21.400000	106.835	166.2612
21.799999	106.804	166.1764
22.000000	106.789	166.1153
22.400000	106.760	165.9670
22.700001	106.735	165.8357
23.000000	106.707	165.6961
23.299999	106.677	165.5549
23.600000	106.647	165.4030
24.000000	106.608	165.1756
24.299999	106.579	164.9975
24.700001	106.543	164.7495
25.000000	106.519	164.5542
25.400000	106.490	164.2807
25.799999	106.465	163.9944
26.200001	106.441	163.6891
26.500000	106.425	163.4631
26.900000	106.405	163.1852
27.200001	106.390	162.9570
27.600000	106.373	162.6424
28.000000	106.357	162.3321
28.500000	106.338	161.9567
29.000000	106.317	161.6399
29.500000	106.301	161.3667
30.000000	106.286	161.1106
30.400000	106.276	160.8983
30.700001	106.266	160.7377
31.100000	106.251	160.5322
31.500000	106.235	160.3438
32.000000	106.213	160.1089
32.500000	106.188	159.8857
33.000000	106.161	159.6466
33.500000	106.131	159.3836
34.000000	106.095	159.1142
34.500000	106.067	158.8313
35.000000	106.043	158.5398
35.500000	106.023	158.2461
36.000000	106.003	157.9465
36.500000	105.983	157.5988
37.000000	105.962	157.2825
37.500000	105.943	157.0213
38.200001	105.914	156.6785
38.700001	105.895	156.4251
39.500000	105.865	156.0441
40.000000	105.844	155.8159
40.599998	105.810	155.5538
41.200001	105.776	155.2873
41.799999	105.742	154.9960
42.500000	105.699	154.6817
43.099998	105.661	154.4288
43.700001	105.629	154.1425
44.400002	105.590	153.7739
45.000000	105.553	153.4624
45.500000	105.527	153.2551
46.200001	105.493	152.9927
46.799999	105.464	152.7421
47.500000	105.427	152.4288
48.200001	105.387	152.1419
48.700001	105.359	151.9718
49.400002	105.309	151.7895
50.000000	105.264	151.6370
50.799999	105.243	151.3033
51.500000	105.208	151.0127
52.200001	105.167	150.7429
53.000000	105.122	150.4446
53.799999	105.075	150.1391
54.500000	105.033	149.8990
55.200001	104.995	149.6842
56.000000	104.954	149.4208
57.000000	104.896	149.1224
58.000000	104.835	148.8416
59.000000	104.770	148.5772
60.000000	104.707	148.2923
60.799999	104.659	148.0800
61.500000	104.620	147.8588
62.200001	104.581	147.6453
63.000000	104.540	147.4436
64.000000	104.482	147.1704
65.000000	104.428	146.9009
66.000000	104.375	146.6254
67.000000	104.316	146.3417
68.000000	104.253	146.0998
69.000000	104.197	145.8353
70.000000	104.131	145.5287
71.000000	104.075	145.2888
72.000000	104.023	145.0081
73.000000	103.961	144.7363
74.000000	103.908	144.4837
75.000000	103.845	144.2426
76.199997	103.781	143.9624
77.500000	103.706	143.6389
78.800003	103.637	143.3381
80.000000	103.567	143.0759
81.199997	103.497	142.8565
82.500000	103.426	142.5509
83.800003	103.350	142.2626
85.000000	103.287	142.0313
86.199997	103.215	141.7793
87.500000	103.149	141.5390
88.500000	103.093	141.3578
90.000000	103.008	141.0833
91.199997	102.936	140.8931
92.500000	102.873	140.6347
93.800003	102.801	140.3925
95.000000	102.738	140.1735
96.199997	102.677	140.0132
97.500000	102.604	139.8465
98.800003	102.547	139.6568
100.000000	102.478	140.2095
101.500000	102.414	139.2610
103.000000	102.328	139.0625
104.400002	102.247	138.8285
106.000000	102.174	138.6508
107.500000	102.090	138.4089
109.000000	102.022	138.2860
110.599998	101.935	138.0603
112.000000	101.860	137.9579
113.800003	101.772	137.7527
115.000000	101.723	137.6704
117.199997	101.622	137.4982
118.000000	101.582	137.4156
120.599998	101.472	137.1997
122.000000	101.383	137.1948
124.099998	101.290	137.0650
125.000000	101.245	137.0967
126.500000	101.169	136.9343
128.000000	101.123	136.9025
131.500000	100.929	137.0094
132.000000	100.952	137.0226
134.000000	100.842	137.1463
136.000000	100.693	137.0365
138.000000	100.587	136.4822
140.000000	100.592	135.9408
143.000000	100.345	136.3062
145.000000	100.449	136.0121
147.500000	100.399	136.6579
150.000000	100.278	137.7717
152.500000	99.965	137.4467
155.000000	99.893	136.1751
157.500000	100.009	136.9598
160.000000	99.677	137.8307
162.500000	99.711	136.1448
165.000000	99.583	138.1655
167.500000	99.487	136.1403
170.000000	99.329	138.2690
172.500000	99.439	136.5636
175.000000	99.037	136.9710
177.500000	99.160	138.4921
180.000000	99.231	136.9287
182.500000	98.928	136.0472
185.000000	98.664	137.3240
187.500000	98.646	138.6704
190.000000	98.737	139.1262
192.500000	98.797	139.1189
195.000000	98.769	138.9012
197.500000	98.720	138.7114
200.000000	98.559	138.8831
203.000000	98.466	139.2821
206.000000	98.227	138.3785
209.000000	98.267	137.1704
212.000000	98.352	137.9664
214.000000	98.247	138.8408
218.000000	97.961	138.5780
220.000000	97.946	138.2409
224.000000	97.865	138.9611
227.000000	97.705	139.0721
230.000000	97.632	138.9766
233.000000	97.553	139.3392
236.000000	97.436	139.5131
240.000000	97.327	139.6102
243.000000	97.234	139.8588
247.000000	97.115	140.0652
250.000000	97.023	140.2033
254.000000	96.931	140.5538
258.000000	96.835	140.7205
262.000000	96.738	140.9954
265.000000	96.658	141.1539
269.000000	96.562	141.4499
272.000000	96.484	141.6731
276.000000	96.392	141.9679
280.000000	96.294	142.2901
285.000000	96.186	142.8778
290.000000	96.070	143.3652
295.000000	95.975	143.9450
300.000000	95.889	145.0146
304.000000	95.793	144.9057
307.000000	95.732	145.2166
311.000000	95.650	145.6446
315.000000	95.565	146.0217
320.000000	95.483	146.6426
325.000000	95.381	147.1877
330.000000	95.288	147.7993
335.000000	95.193	148.3871
340.000000	95.110	148.9810
345.000000	95.038	149.5781
350.000000	94.936	150.1863
355.000000	94.881	150.7990
360.000000	94.807	151.3175
365.000000	94.739	151.9911
370.000000	94.659	152.3608
375.000000	94.569	152.9723
382.000000	94.465	153.6508
387.000000	94.402	154.1555
395.000000	94.291	154.9174
400.000000	94.237	155.5558
406.000000	94.137	155.8514
412.000000	94.062	156.3638
418.000000	94.006	156.7818
425.000000	93.930	157.2729
431.000000	93.882	157.6572
437.000000	93.815	157.9571
444.000000	93.736	158.4753
450.000000	93.676	158.8194
455.000000	93.621	159.2315
462.000000	93.546	159.6281
468.000000	93.487	160.1130
475.000000	93.415	160.6021
482.000000	93.353	161.0852
487.000000	93.308	161.4424
494.000000	93.243	161.9260
500.000000	93.175	162.4292
508.000000	93.130	162.9577
515.000000	93.063	163.4769
522.000000	93.007	163.9254
530.000000	92.952	164.5252
538.000000	92.894	165.1200
545.000000	92.850	165.6700
552.000000	92.798	166.1828
560.000000	92.745	166.6990
570.000000	92.679	167.4356
580.000000	92.610	168.2554
590.000000	92.563	168.9122
600.000000	92.485	169.6985
608.000000	92.461	170.2728
615.000000	92.429	170.7349
622.000000	92.391	171.2762
630.000000	92.364	171.7925
640.000000	92.326	172.5618
650.000000	92.293	173.3021
660.000000	92.234	174.1038
670.000000	92.215	175.0938
680.000000	92.195	176.2466
690.000000	92.162	177.4581
700.000000	92.149	178.4260
710.000000	92.135	179.6430
720.000000	92.130	-179.0734
730.000000	92.128	-177.8597
740.000000	92.149	-176.7350
750.000000	92.164	-175.4498
762.000000	92.186	-174.1678
775.000000	92.224	-172.7419
788.000000	92.244	-171.0815
800.000000	92.243	-169.7681
812.000000	92.296	-168.1781
825.000000	92.331	-166.6307
838.000000	92.372	-164.9559
850.000000	92.413	-163.5163
862.000000	92.470	-162.0093
875.000000	92.527	-160.4937
885.000000	92.568	-159.2272
900.000000	92.674	-157.2638
912.000000	92.719	-156.1135
925.000000	92.789	-154.5750
938.000000	92.892	-152.9781
950.000000	92.986	-151.7707
962.000000	93.082	-150.6155
975.000000	93.218	-149.6644
988.000000	93.369	-148.9409
1000.000000	93.364	-146.1797
1015.000000	93.610	-147.7270
1030.000000	93.728	-146.9707
1044.000000	93.857	-146.4257
1060.000000	93.993	-145.9379
1075.000000	94.080	-145.4149
1090.000000	94.161	-144.7098
1106.000000	94.250	-143.9229
1120.000000	94.348	-143.2169
1138.000000	94.484	-142.5043
1150.000000	94.583	-142.0221
1172.000000	94.761	-141.3536
1180.000000	94.827	-141.1705
1206.000000	95.041	-140.4992
1220.000000	95.201	-140.2237
1241.000000	95.449	-139.7832
1250.000000	95.559	-139.5650
1265.000000	95.731	-139.4249
1280.000000	95.910	-139.1701
1315.000000	96.322	-138.7000
1320.000000	96.380	-138.6401
1340.000000	96.621	-138.4514
1360.000000	96.893	-138.2588
1380.000000	97.123	-138.0461
1400.000000	97.387	-137.9396
1430.000000	97.758	-137.7215
1450.000000	97.996	-137.6635
1475.000000	98.311	-137.6627
1500.000000	98.646	-137.6124
1525.000000	98.965	-137.7854
1550.000000	99.249	-137.9506
1575.000000	99.531	-138.2146
1600.000000	99.810	-138.3296
1625.000000	100.134	-137.9680
1650.000000	100.433	-137.5526
1675.000000	100.748	-137.3724
1700.000000	101.062	-137.3495
1725.000000	101.365	-137.3961
1750.000000	101.663	-137.6285
1775.000000	101.972	-137.9686
1800.000000	102.254	-138.5812
1825.000000	102.543	-139.3092
1850.000000	102.824	-140.1673
1875.000000	103.068	-141.3029
1900.000000	103.295	-142.5444
1925.000000	103.497	-144.0314
1950.000000	103.669	-145.6472
1975.000000	103.788	-147.3665
2000.000000	103.910	-148.1076
2030.000000	103.931	-151.3206
2060.000000	103.922	-153.4496
2090.000000	103.851	-155.4907
2120.000000	103.743	-157.4611
2140.000000	103.627	-158.6267
2180.000000	103.332	-161.1944
2200.000000	103.157	-162.4170
2240.000000	102.798	-164.5513
2270.000000	102.510	-165.5322
2300.000000	102.223	-166.8551
2330.000000	101.849	-168.4348
2360.000000	101.646	-169.9193
2400.000000	101.365	-171.6291
2430.000000	101.047	-172.6892
2470.000000	100.650	-173.6976
2500.000000	100.367	-174.2832
2540.000000	99.993	-175.0289
2580.000000	99.643	-175.4394
2620.000000	99.311	-175.8593
2650.000000	99.065	-175.9443
2690.000000	98.774	-176.0371
2720.000000	98.564	-176.0284
2760.000000	98.282	-175.9440
2800.000000	98.034	-175.7046
2850.000000	97.742	-175.4326
2900.000000	97.480	-174.9543
2950.000000	97.243	-174.5979
3000.000000	97.102	-174.0822
3040.000000	96.901	-173.5421
3070.000000	96.801	-173.0992
3110.000000	96.681	-172.4999
3150.000000	96.585	-171.8344
3200.000000	96.481	-170.9193
3250.000000	96.435	-169.9829
3300.000000	96.436	-169.1793
3350.000000	96.491	-168.4488
3400.000000	96.557	-167.9136
3450.000000	96.619	-167.4764
3500.000000	96.711	-167.0447
3550.000000	96.810	-166.7142
3600.000000	96.958	-166.2760
3650.000000	97.081	-166.1479
3700.000000	97.280	-165.8046
3750.000000	97.497	-165.5988
3820.000000	97.802	-165.6847
3870.000000	98.073	-165.1045
3950.000000	98.617	-162.8682
4000.000000	98.962	-161.4935
4060.000000	99.483	-160.5229
4120.000000	100.015	-159.6415
4180.000000	100.594	-159.5311
4250.000000	101.322	-160.1409
4310.000000	101.954	-161.7594
4370.000000	102.526	-164.4503
4440.000000	103.028	-168.4352
4500.000000	103.366	-171.9575
4550.000000	103.458	-174.7927
4620.000000	103.442	-179.0205
4680.000000	103.245	177.7930
4750.000000	102.853	174.6327
4820.000000	102.301	172.2367
4870.000000	101.845	171.5020
4940.000000	101.151	171.0376
5000.000000	100.484	171.5692
5080.000000	99.770	173.4678
5150.000000	99.114	175.9497
5220.000000	98.533	179.1289
5300.000000	97.924	-176.7242
5380.000000	97.390	-171.7662
5450.000000	96.989	-167.0974
5520.000000	96.660	-162.0183
5600.000000	96.354	-158.0300
5700.000000	96.131	-153.5383
5800.000000	96.100	-148.8701
5900.000000	96.232	-144.4085
6000.000000	96.380	-140.7161
6080.000000	96.842	-136.9810
6150.000000	97.233	-134.5412
6220.000000	97.714	-132.4388
6300.000000	98.360	-130.3704
6400.000000	99.312	-129.1295
6500.000000	100.409	-129.3850
6600.000000	101.588	-132.0762
6700.000000	102.760	-137.5847
6800.000000	103.612	-146.3000
6900.000000	103.900	-156.9534
7000.000000	103.526	-166.4827
7100.000000	102.694	-174.6270
7200.000000	101.736	-179.3519
7300.000000	100.787	178.2464
7400.000000	99.992	177.4077
7500.000000	99.269	177.9823
7620.000000	98.630	179.5554
7750.000000	98.188	-177.7939
7880.000000	97.954	-174.9087
8000.000000	97.889	-172.1270
8120.000000	98.161	-169.7242
8250.000000	98.608	-167.6033
8380.000000	99.322	-165.9215
8500.000000	100.234	-165.8184
8620.000000	101.440	-167.7484
8750.000000	102.972	-173.8723
8850.000000	104.202	177.1278
9000.000000	105.149	155.5321
9120.000000	104.377	135.5395
9250.000000	102.385	120.4777
9380.000000	100.221	114.7871
9500.000000	98.367	115.8271
9620.000000	96.790	119.2831
9750.000000	95.339	124.1058
9880.000000	94.068	130.0288
10000.000000	93.096	135.9055
10150.000000	92.060	144.4349
10300.000000	91.212	153.1383
10440.000000	90.548	161.2583
10600.000000	89.923	170.7250
10750.000000	89.518	179.5382
10900.000000	89.229	-171.3591
11060.000000	89.072	-162.0006
11200.000000	88.996	-153.8278
11380.000000	89.038	-143.6175
11500.000000	89.182	-136.6698
11720.000000	89.539	-125.0369
11800.000000	89.723	-121.0544
12060.000000	90.563	-109.1756
12200.000000	91.076	-103.6085
12410.000000	92.085	-96.1685
12500.000000	92.537	-94.5942
12650.000000	93.335	-93.8150
12800.000000	94.104	-93.6780
13150.000000	95.771	-97.0499
13200.000000	95.973	-97.5552
13400.000000	96.818	-101.2466
13600.000000	97.535	-111.7219
13800.000000	98.839	-124.6904
14000.000000	99.792	-141.0756
14300.000000	100.433	-178.9906
14500.000000	98.666	152.4002
14750.000000	94.657	127.8610
15000.000000	90.389	115.0209
15250.000000	86.213	108.4305
15500.000000	81.666	106.4241
15750.000000	75.525	109.3388
16000.000000	64.987	146.0330
16250.000000	71.748	-111.4230
16500.000000	78.953	-105.0365
16750.000000	83.966	-110.1653
17000.000000	88.775	-126.5159
17250.000000	91.647	-160.5607
17500.000000	90.237	164.9064
17750.000000	87.494	147.5506
18000.000000	85.021	141.1873
18250.000000	82.876	136.9089
18500.000000	80.420	138.0020
18750.000000	76.106	162.4179
19000.000000	84.847	-159.3167
19250.000000	88.614	161.9146
19500.000000	89.457	143.8195
19750.000000	91.090	126.0614
