* Measurement data measured by REW V5.20
* Source: USB-C to 3.5mm Headphone Jack Adapter, USB-C to 3.5mm Headphone Jack Adapter, 0, volume: 0.138
* Format: 256k Log Swept Sine, 1 sweep at -12.0 dBFS with no timing reference
* Dated: Jan 6, 2022 6:51:20 AM
* REW Settings:
*  C-weighting compensation: Off
*  Target level: 75.0 dB
* Note: ; 
* Measurement: L
* Smoothing: None
* Frequency Step: 1/48 octave
* Start Frequency: 20.300 Hz
*
* Freq(Hz)	SPL(dB)	Phase(degrees)
20.299999	108.286469	-176.1465
20.600000	108.266205	-176.6429
20.900000	108.243301	-177.0568
21.200001	108.224075	-177.4708
21.400000	108.213715	-177.7634
21.799999	108.195442	-178.3994
22.000000	108.185776	-178.7377
22.400000	108.163025	-179.4260
22.700001	108.142944	-179.9233
23.000000	108.121880	179.6093
23.299999	108.101501	179.1711
23.600000	108.082611	178.7516
24.000000	108.058945	178.1991
24.299999	108.040802	177.7816
24.700001	108.014542	177.2228
25.000000	107.993561	176.8089
25.400000	107.965302	176.2701
25.799999	107.938087	175.7448
26.200001	107.911644	175.2287
26.500000	107.891441	174.8477
26.900000	107.863174	174.3516
27.200001	107.840942	173.9893
27.600000	107.810196	173.5140
28.000000	107.777840	173.0392
28.500000	107.733261	172.4433
29.000000	107.683266	171.8721
29.500000	107.632141	171.3611
30.000000	107.587418	170.9099
30.400000	107.558327	170.5646
30.700001	107.539131	170.2985
31.100000	107.513893	169.9262
31.500000	107.485992	169.5411
32.000000	107.446014	169.0655
32.500000	107.402893	168.6130
33.000000	107.359779	168.1786
33.500000	107.317093	167.7509
34.000000	107.273781	167.3290
34.500000	107.229538	166.9200
35.000000	107.185097	166.5265
35.500000	107.140808	166.1441
36.000000	107.096230	165.7697
36.500000	107.051071	165.4049
37.000000	107.005859	165.0507
37.500000	106.961113	164.7039
38.200001	106.898666	164.2275
38.700001	106.853722	163.9007
39.500000	106.782440	163.4110
40.000000	106.738396	163.1166
40.599998	106.684448	162.7654
41.200001	106.629074	162.4199
41.799999	106.574409	162.0818
42.500000	106.512779	161.6938
43.099998	106.460548	161.3782
43.700001	106.408844	161.0897
44.400002	106.348854	160.7644
45.000000	106.294373	160.4763
45.500000	106.246292	160.2425
46.200001	106.181252	159.9462
46.799999	106.131966	159.7063
47.500000	106.076004	159.4282
48.200001	106.013840	159.1932
48.700001	105.967613	159.0626
49.400002	105.905418	158.8725
50.000000	105.851959	158.6512
50.799999	105.774261	158.3205
51.500000	105.709358	158.1181
52.200001	105.664276	158.0075
53.000000	105.632942	157.8451
53.799999	105.593903	157.5987
54.500000	105.550018	157.4043
55.200001	105.510475	157.2155
56.000000	105.462822	156.9071
57.000000	105.370514	156.5144
58.000000	105.284180	156.2867
59.000000	105.230980	155.8757
60.000000	105.132874	155.4609
60.799999	105.047432	155.5330
61.500000	105.007553	155.6175
62.200001	104.970406	155.4743
63.000000	104.904396	155.2698
64.000000	104.833916	155.1578
65.000000	104.761955	154.9809
66.000000	104.685913	154.9106
67.000000	104.630806	154.7400
68.000000	104.556160	154.5845
69.000000	104.491348	154.5456
70.000000	104.431946	154.3955
71.000000	104.372749	154.2894
72.000000	104.327232	154.1926
73.000000	104.265022	154.0433
74.000000	104.192871	153.9858
75.000000	104.137741	153.8705
76.199997	104.058777	153.6649
77.500000	103.984306	153.5785
78.800003	103.902344	153.4434
80.000000	103.832024	153.3989
81.199997	103.762558	153.3437
82.500000	103.689888	153.3205
83.800003	103.616196	153.2585
85.000000	103.558556	153.1875
86.199997	103.488731	153.1444
87.500000	103.418961	153.1160
88.500000	103.357536	153.0229
90.000000	103.286697	153.0168
91.199997	103.229080	152.9448
92.500000	103.148842	153.0016
93.800003	103.092331	153.0009
95.000000	103.033157	152.9254
96.199997	102.968964	152.9952
97.500000	102.906616	153.0069
98.800003	102.842178	153.0321
100.000000	102.792175	153.0334
101.500000	102.718430	153.1000
103.000000	102.654808	153.1432
104.400002	102.590996	153.2028
106.000000	102.517792	153.2621
107.500000	102.456116	153.2973
109.000000	102.392426	153.3495
110.599998	102.325188	153.4166
112.000000	102.269371	153.5339
113.800003	102.192108	153.5750
115.000000	102.153427	153.6422
117.199997	102.065109	153.7753
118.000000	102.032806	153.7279
120.599998	101.993515	153.9817
122.000000	101.882133	154.1270
124.099998	101.821045	154.1872
125.000000	101.789734	154.2813
126.500000	101.736443	154.3410
128.000000	101.686821	154.4341
131.500000	101.570702	154.6641
132.000000	101.555038	154.7002
134.000000	101.489174	154.8410
136.000000	101.426003	154.9857
138.000000	101.363556	155.1307
140.000000	101.302727	155.2915
143.000000	101.213745	155.5219
145.000000	101.157585	155.6899
147.500000	101.088562	155.9036
150.000000	101.020195	156.1171
152.500000	100.952354	156.3311
155.000000	100.890144	156.5611
157.500000	100.827408	156.7826
160.000000	100.767159	157.0105
162.500000	100.709099	157.2438
165.000000	100.654617	157.4692
167.500000	100.599953	157.6797
170.000000	100.548409	157.8901
172.500000	100.494064	158.1223
175.000000	100.442123	158.3341
177.500000	100.394676	158.5507
180.000000	100.338264	158.7567
182.500000	100.293396	158.9798
185.000000	100.246536	159.2031
187.500000	100.197403	159.4169
190.000000	100.153664	159.6451
192.500000	100.106133	159.8709
195.000000	100.062759	160.0929
197.500000	100.016754	160.3238
200.000000	99.972733	160.5520
203.000000	99.923347	160.8255
206.000000	99.873970	161.1160
209.000000	99.825195	161.4043
212.000000	99.779167	161.7036
214.000000	99.747383	161.9183
218.000000	99.692001	162.3439
220.000000	99.669785	162.5490
224.000000	99.626259	162.9626
227.000000	99.595413	163.2288
230.000000	99.568138	163.4762
233.000000	99.537292	163.7077
236.000000	99.504303	163.9250
240.000000	99.477615	164.4338
243.000000	99.426094	164.4517
247.000000	99.378220	164.7685
250.000000	99.345894	165.0113
254.000000	99.303238	165.3278
258.000000	99.260193	165.6447
262.000000	99.217957	165.9598
265.000000	99.186356	166.1934
269.000000	99.145065	166.5190
272.000000	99.115540	166.7628
276.000000	99.074539	167.0988
280.000000	99.037262	167.4248
285.000000	98.991089	167.8316
290.000000	98.947296	168.2552
295.000000	98.901733	168.6768
300.000000	98.855148	168.9618
304.000000	98.836044	169.4615
307.000000	98.816193	169.7133
311.000000	98.791168	170.0403
315.000000	98.769020	170.3450
320.000000	98.734962	170.6975
325.000000	98.702751	171.0669
330.000000	98.668587	171.4473
335.000000	98.634674	171.8260
340.000000	98.602982	172.2134
345.000000	98.572525	172.6026
350.000000	98.541344	172.9968
355.000000	98.515717	173.3790
360.000000	98.485870	173.7427
365.000000	98.467865	174.1281
370.000000	98.442612	174.4724
375.000000	98.415985	174.8282
382.000000	98.375366	175.3422
387.000000	98.349236	175.7234
395.000000	98.308357	176.3572
400.000000	98.286064	176.7631
406.000000	98.263275	177.2597
412.000000	98.249901	177.7258
418.000000	98.237198	178.1636
425.000000	98.221642	178.6374
431.000000	98.205185	179.0112
437.000000	98.185837	179.3755
444.000000	98.157852	179.8235
450.000000	98.136566	-179.7970
455.000000	98.115845	-179.4547
462.000000	98.089760	-178.9736
468.000000	98.066116	-178.5734
475.000000	98.040886	-178.0911
482.000000	98.016937	-177.5854
487.000000	97.998993	-177.2520
494.000000	97.977364	-176.7423
500.000000	97.957336	-176.3098
508.000000	97.932648	-175.7157
515.000000	97.912025	-175.2104
522.000000	97.893951	-174.6563
530.000000	97.873367	-174.0531
538.000000	97.854820	-173.4334
545.000000	97.843544	-172.8699
552.000000	97.832199	-172.3284
560.000000	97.820854	-171.6953
570.000000	97.813210	-170.8817
580.000000	97.811043	-170.0776
590.000000	97.816147	-169.2974
600.000000	97.825500	-168.5258
608.000000	97.836693	-167.9356
615.000000	97.847397	-167.4370
622.000000	97.856400	-166.9679
630.000000	97.869095	-166.4390
640.000000	97.884460	-165.7696
650.000000	97.898949	-165.1237
660.000000	97.904388	-164.5607
670.000000	97.927032	-163.8934
680.000000	97.939606	-163.2789
690.000000	97.954712	-162.6887
700.000000	97.963196	-162.1069
710.000000	97.973495	-161.4969
720.000000	97.980904	-160.9139
730.000000	97.987648	-160.2760
740.000000	97.992813	-159.6470
750.000000	98.000786	-158.9931
762.000000	98.012375	-158.1953
775.000000	98.027405	-157.3167
788.000000	98.048462	-156.4188
800.000000	98.070084	-155.5834
812.000000	98.092560	-154.7397
825.000000	98.125839	-153.8289
838.000000	98.160767	-152.9025
850.000000	98.195831	-152.0320
862.000000	98.237434	-151.1851
875.000000	98.286667	-150.2454
885.000000	98.328445	-149.5428
900.000000	98.402718	-148.5757
912.000000	98.450409	-147.6384
925.000000	98.516609	-146.7196
938.000000	98.591385	-145.8188
950.000000	98.663101	-144.9864
962.000000	98.741211	-144.1755
975.000000	98.826385	-143.3155
988.000000	98.922112	-142.4926
1000.000000	99.014114	-141.7577
1015.000000	99.134521	-140.8780
1030.000000	99.258728	-140.0419
1044.000000	99.378952	-139.3057
1060.000000	99.514679	-138.5571
1075.000000	99.643066	-137.8480
1090.000000	99.775185	-137.1727
1106.000000	99.922684	-136.5101
1120.000000	100.051247	-135.9925
1138.000000	100.216522	-135.3652
1150.000000	100.326378	-135.0130
1172.000000	100.520935	-134.4026
1180.000000	100.589668	-134.1896
1206.000000	100.816269	-133.5979
1220.000000	100.934853	-133.2941
1241.000000	101.108238	-132.8924
1250.000000	101.180084	-132.7217
1265.000000	101.301186	-132.4799
1280.000000	101.417442	-132.2324
1315.000000	101.687073	-131.7174
1320.000000	101.719795	-131.6433
1340.000000	101.873642	-131.3819
1360.000000	102.020180	-131.1295
1380.000000	102.170456	-130.9078
1400.000000	102.313133	-130.6562
1430.000000	102.532394	-130.3377
1450.000000	102.681091	-130.1348
1475.000000	102.866394	-129.9016
1500.000000	103.058311	-129.7043
1525.000000	103.251801	-129.5664
1550.000000	103.451927	-129.4651
1575.000000	103.652237	-129.4353
1600.000000	103.858826	-129.4769
1625.000000	104.066109	-129.5906
1650.000000	104.272514	-129.8089
1675.000000	104.480125	-130.1179
1700.000000	104.684082	-130.5548
1725.000000	104.883202	-131.0870
1750.000000	105.072662	-131.7351
1775.000000	105.249588	-132.4957
1800.000000	105.410950	-133.3459
1825.000000	105.556534	-134.2826
1850.000000	105.684616	-135.2868
1875.000000	105.788635	-136.3426
1900.000000	105.868584	-137.4238
1925.000000	105.920303	-138.4950
1950.000000	105.949242	-139.4991
1975.000000	105.958885	-140.4150
2000.000000	105.953308	-141.2009
2030.000000	105.933304	-141.9750
2060.000000	105.911873	-142.5871
2090.000000	105.892273	-143.0419
2120.000000	105.882141	-143.3751
2140.000000	105.880539	-143.5493
2180.000000	105.898132	-143.8484
2200.000000	105.913719	-143.9813
2240.000000	105.959541	-144.2749
2270.000000	106.003838	-144.5312
2300.000000	106.053581	-144.8452
2330.000000	106.105736	-145.2326
2360.000000	106.157600	-145.6576
2400.000000	106.219421	-146.3401
2430.000000	106.260674	-146.9310
2470.000000	106.301414	-147.7848
2500.000000	106.317413	-148.4648
2540.000000	106.321190	-149.4124
2580.000000	106.303246	-150.3614
2620.000000	106.264114	-151.2950
2650.000000	106.219612	-151.9548
2690.000000	106.146614	-152.7869
2720.000000	106.080833	-153.3505
2760.000000	105.980438	-154.0436
2800.000000	105.869881	-154.6425
2850.000000	105.712486	-155.2637
2900.000000	105.536926	-155.6862
2950.000000	105.354332	-155.8732
3000.000000	105.170929	-155.8065
3040.000000	105.030296	-155.5660
3070.000000	104.933182	-155.3054
3110.000000	104.820114	-154.8542
3150.000000	104.725204	-154.3620
3200.000000	104.624031	-153.7157
3250.000000	104.536743	-153.0538
3300.000000	104.456497	-152.3571
3350.000000	104.384056	-151.5794
3400.000000	104.327652	-150.7263
3450.000000	104.289169	-149.8227
3500.000000	104.270149	-148.9054
3550.000000	104.270485	-148.0096
3600.000000	104.282326	-147.1327
3650.000000	104.305237	-146.2874
3700.000000	104.338509	-145.4328
3750.000000	104.383041	-144.6083
3820.000000	104.465744	-143.4728
3870.000000	104.536865	-142.6921
3950.000000	104.678871	-141.4630
4000.000000	104.786362	-140.7583
4060.000000	104.931961	-139.9653
4120.000000	105.100616	-139.2521
4180.000000	105.293671	-138.6623
4250.000000	105.543945	-138.1369
4310.000000	105.779434	-137.8907
4370.000000	106.034912	-137.8569
4440.000000	106.350708	-138.1761
4500.000000	106.627869	-138.8004
4550.000000	106.852768	-139.5813
4620.000000	107.141747	-141.0925
4680.000000	107.347778	-142.6975
4750.000000	107.531586	-144.7892
4820.000000	107.654938	-146.9810
4870.000000	107.710960	-148.5552
4940.000000	107.760284	-150.7278
5000.000000	107.779930	-152.5909
5080.000000	107.776497	-155.1447
5150.000000	107.742508	-157.4714
5220.000000	107.666100	-159.9171
5300.000000	107.512695	-162.7805
5380.000000	107.273499	-165.5897
5450.000000	106.996826	-167.8548
5520.000000	106.664253	-169.7969
5600.000000	106.233688	-171.5544
5700.000000	105.660141	-172.9768
5800.000000	105.083847	-173.5634
5900.000000	104.540909	-173.3844
6000.000000	104.051697	-172.5898
6080.000000	103.711502	-171.6047
6150.000000	103.458023	-170.5662
6220.000000	103.247620	-169.3972
6300.000000	103.060791	-168.0049
6400.000000	102.906265	-166.3151
6500.000000	102.818657	-164.7628
6600.000000	102.787773	-163.4297
6700.000000	102.795273	-162.3501
6800.000000	102.840370	-161.4815
6900.000000	102.912827	-160.7847
7000.000000	103.016312	-160.3235
7100.000000	103.148941	-160.0602
7200.000000	103.312370	-160.0332
7300.000000	103.522476	-160.3088
7400.000000	103.754524	-161.0049
7500.000000	104.017769	-162.1257
7620.000000	104.365005	-164.2344
7750.000000	104.752579	-167.8154
7880.000000	105.065308	-173.0005
8000.000000	105.165634	-179.2242
8120.000000	104.969620	173.7857
8250.000000	104.393616	166.5333
8380.000000	103.553635	160.6187
8500.000000	102.632721	156.5934
8620.000000	101.658775	153.8638
8750.000000	100.593216	152.3466
8850.000000	99.805099	152.1098
9000.000000	98.713135	152.8699
9120.000000	97.944389	154.3091
9250.000000	97.223648	156.4270
9380.000000	96.624611	158.9008
9500.000000	96.182480	161.4142
9620.000000	95.841827	164.0454
9750.000000	95.583923	166.7971
9880.000000	95.443771	169.4731
10000.000000	95.437881	171.7078
10150.000000	95.583847	174.0805
10300.000000	95.903358	175.5350
10440.000000	96.383499	175.7201
10600.000000	97.097313	173.7188
10750.000000	97.853531	168.6354
10900.000000	98.451157	159.3246
11060.000000	98.378098	144.8806
11200.000000	97.294273	131.5134
11380.000000	94.688347	119.9280
11500.000000	92.633110	118.0106
11720.000000	89.759323	126.2980
11800.000000	89.266998	130.3769
12060.000000	88.621849	137.6359
12200.000000	88.288048	139.4403
12410.000000	87.790710	142.2262
12500.000000	87.627167	143.3939
12650.000000	87.463799	145.9326
12800.000000	87.460098	148.1851
13150.000000	88.187447	151.1857
13200.000000	88.398911	151.2303
13400.000000	89.244972	149.8943
13600.000000	90.210175	145.6007
13800.000000	91.060562	138.6711
14000.000000	91.686295	130.0009
14300.000000	92.160515	117.2072
14500.000000	92.477524	109.8172
14750.000000	93.163948	101.3085
15000.000000	94.497353	91.3053
15250.000000	96.529297	76.2405
15500.000000	99.065353	49.5727
15750.000000	100.219009	4.6788
16000.000000	97.577965	-45.6853
16250.000000	91.517212	-79.1072
16500.000000	85.789627	-87.1962
16750.000000	82.084526	-84.4898
17000.000000	80.131531	-79.1634
17250.000000	80.637375	-76.3785
17500.000000	82.636055	-93.4240
17750.000000	82.874718	-125.7539
18000.000000	81.662636	-156.3746
18250.000000	80.511589	175.5289
18500.000000	79.764969	145.3911
18750.000000	79.264389	110.8120
19000.000000	78.817574	70.1850
19250.000000	78.010757	22.3396
19500.000000	76.220123	-32.1528
19750.000000	72.861618	-89.8672
