* Measurement data measured by REW V5.20.4
* Source: Headset (USB-C to 3.5mm Headphone Jack Adapter), no input selected, L, volume: no control
* Format: 256k Log Swept Sine, 1 sweep at -12.0 dBFS with no timing reference
* Dated: 06-Mar-2022 21:57:37
* REW Settings:
*  C-weighting compensation: Off
*  Target level: 75.0 dB
* Note: 
* Measurement: Soundpeats Mini Pro L
* Smoothing: 1/12 octave
* Frequency Step: 1/48 octave
* Start Frequency: 20.300 Hz
*
* Freq(Hz)	SPL(dB)	Phase(degrees)
20.299999	72.256	75.7531
20.600000	72.287	75.8839
20.900000	72.370	76.1391
21.200001	72.479	76.3428
21.400000	72.562	76.3962
21.799999	72.742	76.2559
22.000000	72.833	76.0569
22.400000	73.005	75.4519
22.700001	73.126	74.8943
23.000000	73.243	74.3125
23.299999	73.361	73.7287
23.600000	73.485	73.1400
24.000000	73.657	72.3284
24.299999	73.787	71.6885
24.700001	73.958	70.8011
25.000000	74.082	70.1279
25.400000	74.240	69.2417
25.799999	74.395	68.3734
26.200001	74.546	67.5102
26.500000	74.657	66.8593
26.900000	74.801	65.9876
27.200001	74.909	65.3364
27.600000	75.053	64.4737
28.000000	75.199	63.6033
28.500000	75.383	62.4647
29.000000	75.556	61.2464
29.500000	75.707	59.9823
30.000000	75.835	58.7369
30.400000	75.929	57.7756
30.700001	75.997	57.0701
31.100000	76.089	56.1330
31.500000	76.182	55.1878
32.000000	76.296	53.9937
32.500000	76.404	52.8023
33.000000	76.502	51.6267
33.500000	76.593	50.4614
34.000000	76.680	49.2886
34.500000	76.766	48.0936
35.000000	76.852	46.8809
35.500000	76.935	45.6789
36.000000	77.013	44.5214
36.500000	77.083	43.4143
37.000000	77.146	42.3251
37.500000	77.204	41.2176
38.200001	77.292	39.6471
38.700001	77.376	38.5545
39.500000	77.558	36.8430
40.000000	77.673	35.7379
40.599998	77.764	34.3955
41.200001	77.781	33.1581
41.799999	77.748	32.0831
42.500000	77.706	30.9025
43.099998	77.697	29.8043
43.700001	77.712	28.6264
44.400002	77.744	27.2640
45.000000	77.773	26.1611
45.500000	77.792	25.2756
46.200001	77.809	24.0534
46.799999	77.819	23.0052
47.500000	77.834	21.7786
48.200001	77.853	20.5606
48.700001	77.865	19.7053
49.400002	77.878	18.5331
50.000000	77.882	17.5495
50.799999	77.879	16.2684
51.500000	77.872	15.1776
52.200001	77.863	14.1092
53.000000	77.850	12.9086
53.799999	77.836	11.7293
54.500000	77.822	10.7123
55.200001	77.807	9.7043
56.000000	77.788	8.5648
57.000000	77.762	7.1636
58.000000	77.732	5.7866
59.000000	77.697	4.4425
60.000000	77.658	3.1444
60.799999	77.627	2.1422
61.500000	77.601	1.2867
62.200001	77.574	0.4422
63.000000	77.539	-0.5120
64.000000	77.486	-1.6799
65.000000	77.428	-2.8276
66.000000	77.369	-3.9658
67.000000	77.305	-5.0733
68.000000	77.239	-6.1329
69.000000	77.173	-7.1570
70.000000	77.108	-8.1622
71.000000	77.041	-9.1571
72.000000	76.972	-10.1548
73.000000	76.900	-11.1609
74.000000	76.825	-12.1638
75.000000	76.747	-13.1561
76.199997	76.654	-14.3189
77.500000	76.552	-15.5150
78.800003	76.445	-16.6660
80.000000	76.339	-17.7159
81.199997	76.232	-18.7232
82.500000	76.118	-19.7378
83.800003	75.999	-20.7052
85.000000	75.887	-21.5898
86.199997	75.777	-22.4719
87.500000	75.659	-23.3965
88.500000	75.565	-24.0676
90.000000	75.417	-25.0274
91.199997	75.294	-25.7868
92.500000	75.158	-26.6054
93.800003	75.021	-27.4069
95.000000	74.893	-28.1254
96.199997	74.761	-28.8177
97.500000	74.616	-29.5329
98.800003	74.471	-30.2181
100.000000	74.331	-30.8384
101.500000	74.146	-31.6190
103.000000	73.956	-32.4013
104.400002	73.782	-33.1038
106.000000	73.582	-33.8531
107.500000	73.387	-34.5103
109.000000	73.184	-35.1322
110.599998	72.958	-35.7294
112.000000	72.755	-36.1306
113.800003	72.508	-36.2610
115.000000	72.378	-35.8851
117.199997	72.295	-33.6830
118.000000	72.306	-32.4784
120.599998	72.071	-30.1384
122.000000	71.630	-30.5062
124.099998	70.923	-30.7124
125.000000	70.727	-30.3624
126.500000	70.577	-29.5535
128.000000	70.581	-28.9329
131.500000	70.699	-29.0357
132.000000	70.700	-29.1561
134.000000	70.647	-29.6857
136.000000	70.528	-30.1768
138.000000	70.370	-30.5426
140.000000	70.194	-30.7505
143.000000	69.919	-30.8148
145.000000	69.733	-30.6976
147.500000	69.496	-30.3750
150.000000	69.262	-29.9267
152.500000	69.037	-29.3787
155.000000	68.819	-28.7120
157.500000	68.608	-27.8980
160.000000	68.404	-26.9600
162.500000	68.217	-25.9894
165.000000	68.051	-24.9947
167.500000	67.903	-23.9350
170.000000	67.775	-22.8288
172.500000	67.662	-21.7002
175.000000	67.558	-20.5545
177.500000	67.466	-19.3678
180.000000	67.388	-18.1421
182.500000	67.319	-16.9375
185.000000	67.255	-15.7638
187.500000	67.200	-14.5845
190.000000	67.160	-13.4211
192.500000	67.135	-12.3258
195.000000	67.121	-11.2975
197.500000	67.118	-10.2889
200.000000	67.121	-9.2711
203.000000	67.130	-8.0553
206.000000	67.146	-6.8886
209.000000	67.170	-5.7938
212.000000	67.201	-4.7821
214.000000	67.225	-4.1631
218.000000	67.284	-3.0296
220.000000	67.317	-2.4967
224.000000	67.384	-1.4973
227.000000	67.437	-0.8151
230.000000	67.495	-0.1929
233.000000	67.557	0.3722
236.000000	67.620	0.8905
240.000000	67.699	1.5437
243.000000	67.750	2.0242
247.000000	67.809	2.6546
250.000000	67.852	3.1089
254.000000	67.919	3.6701
258.000000	67.996	4.1641
262.000000	68.078	4.5737
265.000000	68.138	4.8314
269.000000	68.211	5.1327
272.000000	68.260	5.3327
276.000000	68.321	5.5693
280.000000	68.377	5.7693
285.000000	68.436	5.9583
290.000000	68.489	6.1442
295.000000	68.541	6.3497
300.000000	68.589	6.5369
304.000000	68.625	6.6735
307.000000	68.650	6.7740
311.000000	68.683	6.9065
315.000000	68.715	7.0341
320.000000	68.753	7.1748
325.000000	68.784	7.2849
330.000000	68.810	7.3821
335.000000	68.833	7.4849
340.000000	68.856	7.5827
345.000000	68.877	7.6685
350.000000	68.896	7.7609
355.000000	68.910	7.8650
360.000000	68.921	7.9685
365.000000	68.930	8.0673
370.000000	68.938	8.1670
375.000000	68.947	8.2712
382.000000	68.959	8.4221
387.000000	68.964	8.5275
395.000000	68.969	8.6952
400.000000	68.969	8.8050
406.000000	68.968	8.9420
412.000000	68.967	9.0825
418.000000	68.963	9.2243
425.000000	68.956	9.4030
431.000000	68.950	9.5758
437.000000	68.947	9.7602
444.000000	68.942	9.9727
450.000000	68.935	10.1447
455.000000	68.928	10.2872
462.000000	68.913	10.4955
468.000000	68.897	10.6838
475.000000	68.879	10.9116
482.000000	68.864	11.1369
487.000000	68.856	11.2951
494.000000	68.845	11.5288
500.000000	68.835	11.7508
508.000000	68.819	12.0694
515.000000	68.803	12.3549
522.000000	68.786	12.6387
530.000000	68.767	12.9669
538.000000	68.747	13.3043
545.000000	68.729	13.6086
552.000000	68.712	13.9253
560.000000	68.692	14.3020
570.000000	68.667	14.7898
580.000000	68.642	15.2893
590.000000	68.617	15.8022
600.000000	68.593	16.3346
608.000000	68.573	16.7781
615.000000	68.555	17.1802
622.000000	68.536	17.5934
630.000000	68.515	18.0752
640.000000	68.492	18.6961
650.000000	68.472	19.3506
660.000000	68.455	20.0439
670.000000	68.440	20.7676
680.000000	68.428	21.5009
690.000000	68.423	22.2232
700.000000	68.423	22.9419
710.000000	68.428	23.6741
720.000000	68.437	24.4192
730.000000	68.448	25.1609
740.000000	68.460	25.8861
750.000000	68.474	26.5989
762.000000	68.493	27.4464
775.000000	68.516	28.3645
788.000000	68.541	29.3010
800.000000	68.568	30.1834
812.000000	68.601	31.0744
825.000000	68.640	32.0488
838.000000	68.685	33.0339
850.000000	68.731	33.9499
862.000000	68.782	34.8664
875.000000	68.842	35.8524
885.000000	68.893	36.6064
900.000000	68.977	37.7330
912.000000	69.051	38.6246
925.000000	69.138	39.5681
938.000000	69.230	40.4842
950.000000	69.320	41.3043
962.000000	69.413	42.0965
975.000000	69.520	42.9233
988.000000	69.632	43.7234
1000.000000	69.740	44.4396
1015.000000	69.880	45.2948
1030.000000	70.024	46.0970
1044.000000	70.162	46.7967
1060.000000	70.322	47.5412
1075.000000	70.474	48.1892
1090.000000	70.628	48.7888
1106.000000	70.792	49.3715
1120.000000	70.936	49.8334
1138.000000	71.121	50.3688
1150.000000	71.243	50.6920
1172.000000	71.463	51.2172
1180.000000	71.542	51.3877
1206.000000	71.795	51.8795
1220.000000	71.929	52.1113
1241.000000	72.127	52.4170
1250.000000	72.210	52.5322
1265.000000	72.347	52.7047
1280.000000	72.481	52.8562
1315.000000	72.783	53.1502
1320.000000	72.826	53.1859
1340.000000	72.992	53.3108
1360.000000	73.156	53.4107
1380.000000	73.316	53.4932
1400.000000	73.474	53.5627
1430.000000	73.707	53.6475
1450.000000	73.858	53.6912
1475.000000	74.045	53.7290
1500.000000	74.229	53.7541
1525.000000	74.412	53.7699
1550.000000	74.595	53.7701
1575.000000	74.777	53.7520
1600.000000	74.960	53.7162
1625.000000	75.143	53.6611
1650.000000	75.328	53.5892
1675.000000	75.515	53.4985
1700.000000	75.703	53.3799
1725.000000	75.894	53.2289
1750.000000	76.088	53.0462
1775.000000	76.284	52.8293
1800.000000	76.483	52.5693
1825.000000	76.682	52.2554
1850.000000	76.881	51.8799
1875.000000	77.080	51.4396
1900.000000	77.278	50.9310
1925.000000	77.476	50.3460
1950.000000	77.671	49.6738
1975.000000	77.862	48.9076
2000.000000	78.047	48.0459
2030.000000	78.254	46.8919
2060.000000	78.443	45.6229
2090.000000	78.609	44.2608
2120.000000	78.752	42.8299
2140.000000	78.835	41.8501
2180.000000	78.969	39.8656
2200.000000	79.020	38.8781
2240.000000	79.093	36.9495
2270.000000	79.124	35.5639
2300.000000	79.138	34.2411
2330.000000	79.135	32.9826
2360.000000	79.119	31.7821
2400.000000	79.073	30.2505
2430.000000	79.015	29.1582
2470.000000	78.893	27.9268
2500.000000	78.782	27.3585
2540.000000	78.671	27.0206
2580.000000	78.612	26.6775
2620.000000	78.549	26.2281
2650.000000	78.489	26.0071
2690.000000	78.425	25.9744
2720.000000	78.408	25.9976
2760.000000	78.408	25.8843
2800.000000	78.403	25.6424
2850.000000	78.380	25.3437
2900.000000	78.348	25.1617
2950.000000	78.322	25.1319
3000.000000	78.316	25.2456
3040.000000	78.334	25.3976
3070.000000	78.365	25.5053
3110.000000	78.425	25.5759
3150.000000	78.498	25.5027
3200.000000	78.589	25.1698
3250.000000	78.661	24.6098
3300.000000	78.705	23.9228
3350.000000	78.721	23.2088
3400.000000	78.716	22.5291
3450.000000	78.695	21.9062
3500.000000	78.663	21.3446
3550.000000	78.624	20.8450
3600.000000	78.579	20.4038
3650.000000	78.531	20.0151
3700.000000	78.479	19.6755
3750.000000	78.425	19.3849
3820.000000	78.344	19.0648
3870.000000	78.284	18.9043
3950.000000	78.187	18.7732
4000.000000	78.128	18.7699
4060.000000	78.060	18.8478
4120.000000	77.998	19.0197
4180.000000	77.944	19.2811
4250.000000	77.894	19.6660
4310.000000	77.864	20.0299
4370.000000	77.845	20.4087
4440.000000	77.836	20.8639
4500.000000	77.840	21.2650
4550.000000	77.850	21.6064
4620.000000	77.876	22.0945
4680.000000	77.910	22.5237
4750.000000	77.968	23.0367
4820.000000	78.047	23.5533
4870.000000	78.118	23.9123
4940.000000	78.243	24.3726
5000.000000	78.373	24.6945
5080.000000	78.581	24.9595
5150.000000	78.791	24.9870
5220.000000	79.024	24.7783
5300.000000	79.314	24.1903
5380.000000	79.619	23.1545
5450.000000	79.887	21.8183
5520.000000	80.142	20.0324
5600.000000	80.399	17.4037
5700.000000	80.627	13.2388
5800.000000	80.689	8.2663
5900.000000	80.535	2.9835
6000.000000	80.158	-1.9405
6080.000000	79.718	-5.2329
6150.000000	79.257	-7.4798
6220.000000	78.750	-9.0788
6300.000000	78.141	-10.1187
6400.000000	77.380	-10.3326
6500.000000	76.661	-9.5100
6600.000000	76.015	-7.8283
6700.000000	75.464	-5.4179
6800.000000	75.036	-2.3881
6900.000000	74.769	1.0192
7000.000000	74.672	4.3682
7100.000000	74.700	7.4615
7200.000000	74.841	10.4027
7300.000000	75.119	13.1229
7400.000000	75.534	15.3835
7500.000000	76.077	17.0258
7620.000000	76.899	18.0081
7750.000000	77.988	17.3438
7880.000000	79.197	13.9396
8000.000000	80.252	7.3940
8120.000000	81.031	-2.9425
8250.000000	81.326	-17.6276
8380.000000	80.907	-33.2695
8500.000000	79.906	-45.7398
8620.000000	78.457	-54.7816
8750.000000	76.595	-60.6321
8850.000000	75.092	-62.8799
9000.000000	72.898	-63.7085
9120.000000	71.283	-62.9341
9250.000000	69.707	-61.2183
9380.000000	68.302	-58.9284
9500.000000	67.133	-56.4772
9620.000000	66.065	-53.7850
9750.000000	65.002	-50.6473
9880.000000	64.024	-47.3147
10000.000000	63.192	-44.0874
10150.000000	62.238	-39.8839
10300.000000	61.368	-35.5435
10440.000000	60.626	-31.4134
10600.000000	59.853	-26.6524
10750.000000	59.196	-22.1928
10900.000000	58.599	-17.7348
11060.000000	58.023	-12.9609
11200.000000	57.570	-8.7882
11380.000000	57.057	-3.4766
11500.000000	56.757	0.0343
11720.000000	56.297	6.4738
11800.000000	56.159	8.8226
12060.000000	55.818	16.3719
12200.000000	55.703	20.3237
12410.000000	55.629	26.1001
12500.000000	55.636	28.5167
12650.000000	55.703	32.4423
12800.000000	55.839	36.2038
13150.000000	56.433	44.0300
13200.000000	56.550	45.0207
13400.000000	57.118	48.6705
13600.000000	57.881	51.7938
13800.000000	58.896	54.2644
14000.000000	60.226	55.8015
14300.000000	62.826	54.8238
14500.000000	64.750	49.9065
14750.000000	66.840	35.6993
15000.000000	67.957	11.6600
15250.000000	67.679	-16.3383
15500.000000	66.090	-39.1328
15750.000000	63.666	-53.1834
16000.000000	60.961	-60.6040
16250.000000	58.409	-64.4519
16500.000000	56.243	-66.7219
16750.000000	54.509	-68.4835
17000.000000	53.154	-70.3466
17250.000000	52.106	-72.6798
17500.000000	51.314	-75.7236
17750.000000	50.753	-79.7145
18000.000000	50.431	-84.9871
18250.000000	50.377	-92.0499
18500.000000	50.604	-101.6434
18750.000000	51.068	-114.7888
19000.000000	51.621	-132.7185
19250.000000	52.035	-156.0705
19500.000000	52.077	176.8293
19750.000000	51.700	151.3716
