* Measurement data measured by REW V5.20.4
* Source: Input device not selected, no input selected, L, volume: no control
* Format: 256k Log Swept Sine, 1 sweep at -12.0 dBFS with no timing reference
* Dated: 30-Jan-2022 15:07:53
* REW Settings:
*  C-weighting compensation: Off
*  Target level: 75.0 dB
* Note: 
* Measurement: TFZ My Love Edition 2021 L
* Smoothing: 1/12 octave
* Frequency Step: 1/48 octave
* Start Frequency: 20.300 Hz
*
* Freq(Hz)	SPL(dB)	Phase(degrees)
20.299999	119.135	-95.2338
20.600000	119.175	-95.6656
20.900000	119.268	-96.5637
21.200001	119.356	-97.5028
21.400000	119.408	-98.0975
21.799999	119.501	-99.1974
22.000000	119.545	-99.7057
22.400000	119.638	-100.6716
22.700001	119.714	-101.3737
23.000000	119.796	-102.0743
23.299999	119.882	-102.7833
23.600000	119.969	-103.5038
24.000000	120.083	-104.4775
24.299999	120.163	-105.2078
24.700001	120.265	-106.1710
25.000000	120.338	-106.8871
25.400000	120.433	-107.8469
25.799999	120.522	-108.8276
26.200001	120.605	-109.8220
26.500000	120.662	-110.5556
26.900000	120.734	-111.4870
27.200001	120.787	-112.1396
27.600000	120.862	-112.9578
28.000000	120.942	-113.7522
28.500000	121.042	-114.7614
29.000000	121.130	-115.7923
29.500000	121.204	-116.8090
30.000000	121.272	-117.7958
30.400000	121.326	-118.5800
30.700001	121.368	-119.1747
31.100000	121.425	-119.9761
31.500000	121.482	-120.7745
32.000000	121.554	-121.7452
32.500000	121.625	-122.6745
33.000000	121.693	-123.5647
33.500000	121.753	-124.4111
34.000000	121.807	-125.2029
34.500000	121.858	-125.9470
35.000000	121.910	-126.6735
35.500000	121.964	-127.4142
36.000000	122.018	-128.1748
36.500000	122.070	-128.9374
37.000000	122.119	-129.6792
37.500000	122.167	-130.3866
38.200001	122.231	-131.3087
38.700001	122.275	-131.9218
39.500000	122.344	-132.8671
40.000000	122.386	-133.4681
40.599998	122.433	-134.2144
41.200001	122.476	-134.9726
41.799999	122.517	-135.7163
42.500000	122.562	-136.5474
43.099998	122.601	-137.2390
43.700001	122.637	-137.9323
44.400002	122.676	-138.7529
45.000000	122.706	-139.4563
45.500000	122.731	-140.0332
46.200001	122.763	-140.8224
46.799999	122.787	-141.4820
47.500000	122.808	-142.2305
48.200001	122.825	-142.9422
48.700001	122.836	-143.4081
49.400002	122.859	-143.9735
50.000000	122.886	-144.3866
50.799999	122.933	-144.9208
51.500000	122.973	-145.4582
52.200001	123.003	-146.0808
53.000000	123.030	-146.8431
53.799999	123.057	-147.5800
54.500000	123.087	-148.1696
55.200001	123.121	-148.7158
56.000000	123.158	-149.3175
57.000000	123.194	-150.0694
58.000000	123.227	-150.8314
59.000000	123.266	-151.5817
60.000000	123.309	-152.2954
60.799999	123.335	-152.8324
61.500000	123.352	-153.2575
62.200001	123.375	-153.6424
63.000000	123.412	-154.0961
64.000000	123.452	-154.7583
65.000000	123.456	-155.4244
66.000000	123.441	-156.0137
67.000000	123.438	-156.6143
68.000000	123.445	-157.2542
69.000000	123.454	-157.8713
70.000000	123.471	-158.4489
71.000000	123.496	-158.9928
72.000000	123.518	-159.4808
73.000000	123.524	-159.9088
74.000000	123.521	-160.3346
75.000000	123.523	-160.8236
76.199997	123.536	-161.4826
77.500000	123.556	-162.2206
78.800003	123.573	-162.9407
80.000000	123.585	-163.5432
81.199997	123.594	-164.0644
82.500000	123.605	-164.6042
83.800003	123.613	-165.1753
85.000000	123.620	-165.7070
86.199997	123.630	-166.2176
87.500000	123.642	-166.7621
88.500000	123.643	-167.1909
90.000000	123.633	-167.8081
91.199997	123.630	-168.2371
92.500000	123.629	-168.6424
93.800003	123.629	-169.0325
95.000000	123.632	-169.4481
96.199997	123.640	-169.9729
97.500000	123.652	-170.6322
98.800003	123.666	-171.2238
100.000000	123.679	-171.5984
101.500000	123.691	-171.9260
103.000000	123.696	-172.2582
104.400002	123.700	-172.5971
106.000000	123.705	-173.0009
107.500000	123.711	-173.4023
109.000000	123.719	-173.8465
110.599998	123.724	-174.3811
112.000000	123.718	-174.8690
113.800003	123.704	-175.5064
115.000000	123.702	-175.9668
117.199997	123.732	-176.8719
118.000000	123.753	-177.1805
120.599998	123.801	-177.7910
122.000000	123.780	-177.8857
124.099998	123.718	-178.2154
125.000000	123.692	-178.4946
126.500000	123.657	-179.0540
128.000000	123.633	-179.5560
131.500000	123.598	179.8131
132.000000	123.592	179.7413
134.000000	123.568	179.4102
136.000000	123.545	179.0239
138.000000	123.527	178.6120
140.000000	123.517	178.2029
143.000000	123.515	177.7642
145.000000	123.515	177.5910
147.500000	123.508	177.3601
150.000000	123.499	177.0804
152.500000	123.500	176.7849
155.000000	123.515	176.4731
157.500000	123.542	176.1559
160.000000	123.569	175.8438
162.500000	123.592	175.4705
165.000000	123.610	174.9731
167.500000	123.621	174.3943
170.000000	123.627	173.8108
172.500000	123.629	173.2689
175.000000	123.628	172.7906
177.500000	123.622	172.3585
180.000000	123.615	171.9137
182.500000	123.607	171.4188
185.000000	123.597	170.9001
187.500000	123.582	170.4014
190.000000	123.567	169.9384
192.500000	123.556	169.5056
195.000000	123.551	169.0979
197.500000	123.548	168.7111
200.000000	123.540	168.3420
203.000000	123.518	167.9238
206.000000	123.488	167.5139
209.000000	123.457	167.0915
212.000000	123.429	166.6865
214.000000	123.410	166.4402
218.000000	123.371	165.9621
220.000000	123.349	165.7178
224.000000	123.304	165.2605
227.000000	123.268	164.9851
230.000000	123.239	164.7787
233.000000	123.221	164.6174
236.000000	123.215	164.4647
240.000000	123.222	164.2153
243.000000	123.236	163.9622
247.000000	123.254	163.5293
250.000000	123.261	163.1543
254.000000	123.262	162.6281
258.000000	123.254	162.0983
262.000000	123.239	161.5715
265.000000	123.223	161.1843
269.000000	123.202	160.6925
272.000000	123.188	160.3431
276.000000	123.170	159.8981
280.000000	123.152	159.4799
285.000000	123.125	158.9965
290.000000	123.094	158.5018
295.000000	123.062	157.9380
300.000000	123.025	157.3863
304.000000	122.992	156.9973
307.000000	122.967	156.7329
311.000000	122.934	156.4035
315.000000	122.902	156.0843
320.000000	122.866	155.6826
325.000000	122.831	155.2775
330.000000	122.796	154.8784
335.000000	122.759	154.4913
340.000000	122.721	154.1169
345.000000	122.681	153.7556
350.000000	122.641	153.4050
355.000000	122.599	153.0615
360.000000	122.557	152.7234
365.000000	122.515	152.3875
370.000000	122.473	152.0563
375.000000	122.432	151.7393
382.000000	122.376	151.3209
387.000000	122.336	151.0297
395.000000	122.271	150.5722
400.000000	122.231	150.3044
406.000000	122.182	150.0016
412.000000	122.132	149.7111
418.000000	122.082	149.4342
425.000000	122.024	149.1330
431.000000	121.973	148.8838
437.000000	121.920	148.6382
444.000000	121.861	148.3692
450.000000	121.817	148.1562
455.000000	121.783	147.9879
462.000000	121.735	147.7624
468.000000	121.691	147.5775
475.000000	121.638	147.3763
482.000000	121.583	147.1926
487.000000	121.544	147.0690
494.000000	121.490	146.9044
500.000000	121.443	146.7759
508.000000	121.382	146.6284
515.000000	121.328	146.5171
522.000000	121.275	146.4189
530.000000	121.215	146.3278
538.000000	121.156	146.2624
545.000000	121.105	146.2201
552.000000	121.054	146.1854
560.000000	120.995	146.1536
570.000000	120.922	146.1296
580.000000	120.850	146.1297
590.000000	120.783	146.1530
600.000000	120.719	146.2025
608.000000	120.669	146.2650
615.000000	120.627	146.3314
622.000000	120.586	146.4031
630.000000	120.540	146.4927
640.000000	120.485	146.6263
650.000000	120.431	146.7874
660.000000	120.380	146.9713
670.000000	120.329	147.1749
680.000000	120.280	147.3925
690.000000	120.231	147.6246
700.000000	120.182	147.8746
710.000000	120.133	148.1443
720.000000	120.085	148.4447
730.000000	120.038	148.7893
740.000000	119.993	149.1838
750.000000	119.954	149.6211
762.000000	119.914	150.1824
775.000000	119.880	150.8194
788.000000	119.856	151.4749
800.000000	119.843	152.0831
812.000000	119.835	152.6877
825.000000	119.833	153.3380
838.000000	119.836	153.9908
850.000000	119.845	154.5972
862.000000	119.857	155.2026
875.000000	119.877	155.8522
885.000000	119.897	156.3480
900.000000	119.934	157.0883
912.000000	119.970	157.6746
925.000000	120.013	158.3026
938.000000	120.061	158.9215
950.000000	120.111	159.4782
962.000000	120.164	160.0170
975.000000	120.226	160.5820
988.000000	120.293	161.1246
1000.000000	120.360	161.5984
1015.000000	120.448	162.1500
1030.000000	120.541	162.6605
1044.000000	120.631	163.1020
1060.000000	120.738	163.5660
1075.000000	120.842	163.9617
1090.000000	120.950	164.3177
1106.000000	121.067	164.6518
1120.000000	121.171	164.9084
1138.000000	121.305	165.1945
1150.000000	121.394	165.3567
1172.000000	121.557	165.5946
1180.000000	121.616	165.6642
1206.000000	121.809	165.8371
1220.000000	121.912	165.9004
1241.000000	122.065	165.9648
1250.000000	122.129	165.9823
1265.000000	122.234	165.9983
1280.000000	122.338	165.9989
1315.000000	122.573	165.9477
1320.000000	122.605	165.9344
1340.000000	122.732	165.8665
1360.000000	122.851	165.7788
1380.000000	122.963	165.6775
1400.000000	123.069	165.5663
1430.000000	123.220	165.3846
1450.000000	123.319	165.2518
1475.000000	123.441	165.0732
1500.000000	123.566	164.8820
1525.000000	123.699	164.6817
1550.000000	123.844	164.4768
1575.000000	123.997	164.2665
1600.000000	124.152	164.0498
1625.000000	124.307	163.8307
1650.000000	124.461	163.6087
1675.000000	124.617	163.3816
1700.000000	124.776	163.1490
1725.000000	124.937	162.9128
1750.000000	125.100	162.6731
1775.000000	125.262	162.4269
1800.000000	125.425	162.1709
1825.000000	125.587	161.9025
1850.000000	125.748	161.6193
1875.000000	125.907	161.3185
1900.000000	126.061	160.9985
1925.000000	126.207	160.6580
1950.000000	126.343	160.2954
1975.000000	126.473	159.9097
2000.000000	126.597	159.5003
2030.000000	126.744	158.9776
2060.000000	126.888	158.4185
2090.000000	127.029	157.8208
2120.000000	127.167	157.1846
2140.000000	127.257	156.7391
2180.000000	127.433	155.7982
2200.000000	127.518	155.3038
2240.000000	127.680	154.2712
2270.000000	127.794	153.4624
2300.000000	127.901	152.6280
2330.000000	128.000	151.7712
2360.000000	128.091	150.8966
2400.000000	128.198	149.7107
2430.000000	128.268	148.8125
2470.000000	128.347	147.6129
2500.000000	128.395	146.7191
2540.000000	128.445	145.5460
2580.000000	128.479	144.4070
2620.000000	128.498	143.3155
2650.000000	128.502	142.5339
2690.000000	128.495	141.5477
2720.000000	128.481	140.8561
2760.000000	128.450	140.0050
2800.000000	128.408	139.2393
2850.000000	128.342	138.4091
2900.000000	128.265	137.7321
2950.000000	128.181	137.2216
3000.000000	128.094	136.8869
3040.000000	128.026	136.7482
3070.000000	127.979	136.7166
3110.000000	127.924	136.7580
3150.000000	127.880	136.8689
3200.000000	127.838	137.0598
3250.000000	127.807	137.2783
3300.000000	127.780	137.5290
3350.000000	127.755	137.8393
3400.000000	127.737	138.2346
3450.000000	127.733	138.7277
3500.000000	127.744	139.3202
3550.000000	127.772	140.0077
3600.000000	127.820	140.7786
3650.000000	127.891	141.6073
3700.000000	127.987	142.4484
3750.000000	128.108	143.2423
3820.000000	128.302	144.1865
3870.000000	128.446	144.7307
3950.000000	128.676	145.4424
4000.000000	128.823	145.8225
4060.000000	129.008	146.2166
4120.000000	129.205	146.5198
4180.000000	129.415	146.6993
4250.000000	129.669	146.7096
4310.000000	129.888	146.5140
4370.000000	130.101	146.0997
4440.000000	130.336	145.3077
4500.000000	130.521	144.3462
4550.000000	130.657	143.3414
4620.000000	130.810	141.6340
4680.000000	130.895	139.9242
4750.000000	130.927	137.7306
4820.000000	130.876	135.4859
4870.000000	130.790	133.9756
4940.000000	130.613	132.1498
5000.000000	130.433	130.8963
5080.000000	130.184	129.5260
5150.000000	129.955	128.4179
5220.000000	129.694	127.3579
5300.000000	129.337	126.3590
5380.000000	128.918	125.7900
5450.000000	128.516	125.7464
5520.000000	128.099	126.1555
5600.000000	127.622	127.1599
5700.000000	127.053	129.1324
5800.000000	126.534	131.7638
5900.000000	126.079	134.9084
6000.000000	125.692	138.4421
6080.000000	125.431	141.4843
6150.000000	125.237	144.2701
6220.000000	125.073	147.1521
6300.000000	124.924	150.5483
6400.000000	124.795	154.9315
6500.000000	124.734	159.4470
6600.000000	124.748	164.0580
6700.000000	124.844	168.7158
6800.000000	125.032	173.3711
6900.000000	125.318	177.9774
7000.000000	125.702	-177.5176
7100.000000	126.189	-173.1812
7200.000000	126.786	-169.1029
7300.000000	127.505	-165.4008
7400.000000	128.358	-162.2350
7500.000000	129.347	-159.8380
7620.000000	130.685	-158.4594
7750.000000	132.203	-159.6929
7880.000000	133.570	-164.8028
8000.000000	134.465	-173.2872
8120.000000	134.821	175.6551
8250.000000	134.519	163.4841
8380.000000	133.591	154.0424
8500.000000	132.367	148.9692
8620.000000	130.996	147.1889
8750.000000	129.536	148.0706
8850.000000	128.515	150.1179
9000.000000	127.218	154.5841
9120.000000	126.398	158.8786
9250.000000	125.719	163.8923
9380.000000	125.241	169.0198
9500.000000	124.966	173.6571
9620.000000	124.839	178.0253
9750.000000	124.854	-177.7630
9880.000000	125.005	-174.3595
10000.000000	125.232	-172.1997
10150.000000	125.562	-171.1866
10300.000000	125.830	-172.3048
10440.000000	125.908	-175.1627
10600.000000	125.678	-179.8087
10750.000000	125.095	175.7271
10900.000000	124.169	172.3995
11060.000000	122.883	170.9704
11200.000000	121.598	171.7023
11380.000000	119.865	175.0650
11500.000000	118.724	178.5256
11720.000000	116.769	-173.3017
11800.000000	116.118	-169.8941
12060.000000	114.263	-157.7844
12200.000000	113.438	-150.8429
12410.000000	112.424	-140.1671
12500.000000	112.065	-135.5449
12650.000000	111.555	-127.8209
12800.000000	111.142	-120.0955
13150.000000	110.523	-102.1659
13200.000000	110.474	-99.6278
13400.000000	110.383	-89.5975
13600.000000	110.468	-79.8686
13800.000000	110.741	-70.5763
14000.000000	111.211	-61.8452
14300.000000	112.297	-50.1621
14500.000000	113.271	-43.7499
14750.000000	114.692	-38.2339
15000.000000	116.123	-36.7948
15250.000000	117.233	-40.2018
15500.000000	117.743	-47.1348
15750.000000	117.593	-54.1821
16000.000000	116.995	-58.3411
16250.000000	116.351	-59.0809
16500.000000	116.074	-57.9245
16750.000000	116.382	-57.1987
17000.000000	117.168	-59.3625
17250.000000	118.071	-66.5163
17500.000000	118.677	-79.4375
17750.000000	118.696	-96.7108
18000.000000	118.046	-115.4777
18250.000000	116.812	-133.4775
18500.000000	115.133	-149.8686
18750.000000	113.101	-164.1704
19000.000000	110.736	-175.3582
19250.000000	108.095	177.0725
19500.000000	105.408	171.8065
19750.000000	103.105	167.3748
