* Measurement data measured by REW V5.19
* Source: Headset (USB-C to 3.5mm Headphone Jack Adapter), no input selected, R, volume: no control
* Format: 256k Log Swept Sine, 1 sweep at -12.0 dBFS  With no timing reference
* Dated: 24-Nov-2021 20:09:33
* REW Settings:
*  C-weighting compensation: Off
*  Target level: 75.0 dB
* Note: 
* Measurement: Tin Hifi T3 Plus R
* Smoothing: 1/12 octave
* Frequency Step: 1/48 octave
* Start Frequency: 20.3 Hz
*
* Freq(Hz)	SPL(dB)	Phase(degrees)
20.291	133.846	-121.648
20.586	133.857	-122.070
20.885	133.881	-122.993
21.189	133.899	-124.018
21.497	133.907	-125.003
21.810	133.912	-125.881
22.127	133.924	-126.651
22.449	133.952	-127.369
22.776	134.000	-128.116
23.107	134.062	-128.964
23.443	134.129	-129.940
23.784	134.191	-131.019
24.130	134.243	-132.136
24.481	134.289	-133.228
24.837	134.336	-134.268
25.198	134.390	-135.278
25.565	134.451	-136.308
25.937	134.510	-137.400
26.314	134.556	-138.542
26.697	134.580	-139.661
27.085	134.584	-140.653
27.479	134.580	-141.445
27.879	134.589	-142.047
28.284	134.625	-142.555
28.696	134.691	-143.119
29.113	134.775	-143.869
29.537	134.856	-144.854
29.966	134.916	-146.024
30.402	134.946	-147.265
30.844	134.951	-148.463
31.293	134.944	-149.548
31.748	134.940	-150.518
32.210	134.945	-151.423
32.678	134.960	-152.312
33.154	134.979	-153.200
33.636	134.998	-154.067
34.125	135.016	-154.885
34.621	135.033	-155.643
35.125	135.051	-156.344
35.636	135.070	-156.982
36.154	135.094	-157.558
36.680	135.130	-158.113
37.214	135.179	-158.738
37.755	135.232	-159.539
38.304	135.270	-160.541
38.861	135.278	-161.661
39.427	135.257	-162.776
40.000	135.221	-163.805
40.582	135.185	-164.747
41.172	135.156	-165.645
41.771	135.136	-166.529
42.379	135.122	-167.407
42.995	135.113	-168.273
43.620	135.108	-169.125
44.255	135.103	-169.960
44.898	135.097	-170.778
45.552	135.088	-171.578
46.214	135.074	-172.358
46.886	135.056	-173.121
47.568	135.035	-173.877
48.260	135.012	-174.639
48.962	134.988	-175.417
49.674	134.962	-176.212
50.397	134.935	-177.015
51.130	134.908	-177.815
51.874	134.882	-178.602
52.628	134.856	-179.367
53.394	134.831	179.894
54.170	134.807	179.176
54.958	134.782	178.471
55.758	134.754	177.772
56.569	134.722	177.076
57.391	134.687	176.384
58.226	134.649	175.696
59.073	134.610	175.008
59.932	134.571	174.318
60.804	134.530	173.631
61.688	134.488	172.955
62.586	134.446	172.293
63.496	134.404	171.647
64.420	134.362	171.011
65.357	134.320	170.377
66.307	134.275	169.740
67.272	134.229	169.103
68.250	134.180	168.469
69.243	134.130	167.840
70.250	134.079	167.218
71.272	134.028	166.605
72.309	133.977	166.004
73.360	133.926	165.414
74.427	133.877	164.834
75.510	133.828	164.260
76.608	133.780	163.690
77.723	133.730	163.120
78.853	133.678	162.548
80.000	133.620	161.981
81.164	133.558	161.429
82.344	133.493	160.897
83.542	133.428	160.381
84.757	133.364	159.873
85.990	133.302	159.371
87.241	133.240	158.875
88.510	133.178	158.383
89.797	133.116	157.895
91.103	133.053	157.408
92.428	132.989	156.923
93.773	132.924	156.443
95.137	132.857	155.976
96.520	132.790	155.525
97.924	132.722	155.089
99.349	132.653	154.663
100.794	132.585	154.241
102.260	132.517	153.820
103.747	132.450	153.403
105.256	132.382	152.992
106.787	132.315	152.589
108.340	132.246	152.192
109.916	132.177	151.800
111.515	132.106	151.423
113.137	132.035	151.073
114.783	131.963	150.759
116.452	131.891	150.477
118.146	131.818	150.202
119.865	131.745	149.895
121.608	131.671	149.530
123.377	131.596	149.121
125.171	131.520	148.711
126.992	131.442	148.342
128.839	131.363	148.036
130.713	131.284	147.778
132.615	131.204	147.533
134.543	131.125	147.279
136.500	131.047	147.018
138.486	130.969	146.766
140.500	130.892	146.532
142.544	130.815	146.313
144.617	130.737	146.095
146.721	130.658	145.873
148.855	130.576	145.650
151.020	130.493	145.439
153.217	130.409	145.246
155.445	130.324	145.078
157.706	130.239	144.937
160.000	130.154	144.826
162.327	130.067	144.745
164.688	129.979	144.702
167.084	129.891	144.708
169.514	129.804	144.775
171.980	129.722	144.907
174.481	129.649	145.098
177.019	129.589	145.332
179.594	129.543	145.579
182.206	129.514	145.799
184.856	129.501	145.943
187.545	129.500	145.966
190.273	129.501	145.844
193.041	129.493	145.591
195.849	129.470	145.249
198.697	129.432	144.869
201.587	129.382	144.492
204.520	129.323	144.143
207.494	129.257	143.835
210.512	129.186	143.569
213.574	129.113	143.339
216.681	129.038	143.136
219.833	128.963	142.957
223.030	128.888	142.802
226.274	128.813	142.677
229.565	128.740	142.585
232.905	128.667	142.520
236.292	128.595	142.471
239.729	128.522	142.426
243.216	128.451	142.381
246.754	128.383	142.339
250.343	128.318	142.306
253.984	128.254	142.287
257.678	128.191	142.280
261.426	128.127	142.279
265.229	128.064	142.284
269.087	128.000	142.294
273.001	127.937	142.310
276.972	127.875	142.333
281.000	127.814	142.363
285.088	127.753	142.401
289.234	127.693	142.447
293.441	127.634	142.499
297.710	127.577	142.557
302.040	127.519	142.620
306.433	127.462	142.687
310.890	127.405	142.757
315.412	127.348	142.832
320.000	127.293	142.913
324.655	127.237	143.000
329.377	127.182	143.094
334.168	127.127	143.194
339.028	127.071	143.298
343.959	127.016	143.408
348.962	126.961	143.523
354.038	126.905	143.643
359.188	126.851	143.769
364.412	126.796	143.901
369.713	126.743	144.040
375.090	126.691	144.185
380.546	126.639	144.338
386.081	126.588	144.499
391.697	126.538	144.668
397.395	126.489	144.845
403.175	126.441	145.030
409.039	126.394	145.223
414.989	126.347	145.425
421.025	126.302	145.635
427.149	126.258	145.855
433.362	126.215	146.086
439.665	126.174	146.329
446.060	126.135	146.586
452.548	126.096	146.858
459.131	126.058	147.143
465.809	126.021	147.442
472.584	125.984	147.757
479.458	125.949	148.088
486.432	125.914	148.437
493.507	125.880	148.806
500.686	125.848	149.197
507.968	125.818	149.612
515.357	125.791	150.052
522.853	125.767	150.514
530.458	125.746	150.998
538.174	125.729	151.504
546.002	125.716	152.032
553.943	125.709	152.580
562.001	125.706	153.145
570.175	125.711	153.726
578.469	125.724	154.319
586.883	125.745	154.920
595.419	125.776	155.520
604.080	125.817	156.111
612.866	125.868	156.680
621.780	125.928	157.219
630.824	125.997	157.718
640.000	126.073	158.168
649.309	126.153	158.564
658.753	126.236	158.901
668.335	126.319	159.180
678.056	126.401	159.406
687.919	126.480	159.585
697.925	126.555	159.725
708.076	126.626	159.836
718.376	126.692	159.927
728.825	126.753	160.008
739.426	126.810	160.089
750.181	126.863	160.177
761.093	126.912	160.279
772.163	126.959	160.398
783.394	127.004	160.536
794.789	127.048	160.696
806.349	127.093	160.878
818.078	127.139	161.081
829.977	127.188	161.306
842.050	127.239	161.550
854.297	127.293	161.810
866.724	127.350	162.084
879.330	127.411	162.368
892.120	127.477	162.657
905.097	127.547	162.947
918.262	127.622	163.235
931.618	127.702	163.516
945.169	127.786	163.788
958.917	127.875	164.046
972.864	127.967	164.286
987.015	128.063	164.505
1001.371	128.163	164.698
1015.937	128.267	164.865
1030.714	128.373	165.002
1045.706	128.481	165.110
1060.916	128.592	165.188
1076.347	128.704	165.240
1092.003	128.818	165.271
1107.887	128.933	165.286
1124.001	129.050	165.292
1140.350	129.171	165.292
1156.937	129.299	165.280
1173.765	129.433	165.233
1190.838	129.573	165.122
1208.159	129.712	164.936
1225.732	129.845	164.690
1243.561	129.971	164.418
1261.649	130.092	164.151
1280.000	130.211	163.901
1298.618	130.330	163.659
1317.507	130.450	163.411
1336.670	130.569	163.140
1356.113	130.684	162.841
1375.838	130.793	162.521
1395.850	130.897	162.191
1416.153	130.996	161.863
1436.751	131.094	161.540
1457.649	131.192	161.224
1478.851	131.294	160.911
1500.362	131.401	160.601
1522.185	131.518	160.290
1544.326	131.645	159.975
1566.789	131.781	159.655
1589.578	131.926	159.326
1612.699	132.076	158.988
1636.156	132.231	158.638
1659.955	132.391	158.275
1684.099	132.556	157.896
1708.595	132.726	157.499
1733.447	132.902	157.082
1758.661	133.083	156.638
1784.241	133.267	156.164
1810.193	133.453	155.656
1836.523	133.640	155.111
1863.236	133.826	154.526
1890.338	134.009	153.900
1917.833	134.185	153.231
1945.729	134.354	152.517
1974.030	134.517	151.756
2002.743	134.674	150.944
2031.873	134.827	150.081
2061.428	134.977	149.163
2091.412	135.125	148.190
2121.832	135.269	147.160
2152.695	135.410	146.073
2184.007	135.546	144.930
2215.774	135.676	143.732
2248.003	135.800	142.482
2280.701	135.915	141.183
2313.874	136.020	139.840
2347.530	136.115	138.457
2381.676	136.198	137.043
2416.318	136.268	135.605
2451.464	136.324	134.155
2487.122	136.365	132.706
2523.298	136.393	131.272
2560.000	136.405	129.871
2597.236	136.405	128.523
2635.014	136.392	127.245
2673.341	136.371	126.052
2712.226	136.345	124.946
2751.676	136.318	123.915
2791.700	136.295	122.930
2832.306	136.275	121.953
2873.503	136.256	120.954
2915.299	136.233	119.921
2957.703	136.199	118.867
3000.724	136.153	117.818
3044.370	136.094	116.805
3088.652	136.023	115.852
3133.577	135.942	114.975
3179.156	135.854	114.182
3225.398	135.759	113.479
3272.312	135.660	112.872
3319.909	135.558	112.371
3368.198	135.456	111.987
3417.190	135.361	111.728
3466.894	135.277	111.589
3517.321	135.209	111.553
3568.482	135.157	111.594
3620.387	135.121	111.685
3673.046	135.100	111.799
3726.472	135.091	111.917
3780.675	135.092	112.026
3835.666	135.099	112.113
3891.457	135.111	112.169
3948.060	135.126	112.183
4005.486	135.145	112.147
4063.747	135.165	112.049
4122.855	135.185	111.882
4182.824	135.202	111.640
4243.664	135.210	111.324
4305.390	135.207	110.942
4368.013	135.189	110.505
4431.547	135.156	110.023
4496.005	135.109	109.498
4561.401	135.049	108.927
4627.749	134.977	108.302
4695.061	134.889	107.619
4763.352	134.783	106.882
4832.637	134.656	106.110
4902.929	134.504	105.330
4974.244	134.325	104.578
5046.596	134.116	103.895
5120.000	133.877	103.321
5194.472	133.608	102.896
5270.027	133.311	102.654
5346.682	132.989	102.627
5424.451	132.645	102.841
5503.352	132.283	103.316
5583.399	131.908	104.068
5664.612	131.525	105.108
5747.006	131.139	106.439
5830.598	130.754	108.061
5915.406	130.376	109.972
6001.447	130.006	112.165
6088.740	129.650	114.630
6177.303	129.311	117.356
6267.154	128.994	120.323
6358.312	128.704	123.504
6450.796	128.444	126.866
6544.625	128.218	130.380
6639.818	128.025	134.036
6736.397	127.869	137.836
6834.380	127.753	141.780
6933.789	127.682	145.862
7034.643	127.656	150.066
7136.964	127.677	154.373
7240.773	127.747	158.761
7346.093	127.871	163.212
7452.944	128.052	167.706
7561.350	128.298	172.220
7671.332	128.615	176.721
7782.915	129.010	-178.842
7896.120	129.495	-174.540
8010.971	130.081	-170.478
8127.493	130.780	-166.808
8245.711	131.594	-163.749
8365.647	132.502	-161.604
8487.328	133.458	-160.767
8610.779	134.386	-161.668
8736.026	135.192	-164.639
8863.095	135.780	-169.704
8992.011	136.067	-176.380
9122.803	136.006	176.323
9255.497	135.589	169.639
9390.121	134.852	164.619
9526.704	133.867	161.832
9665.273	132.724	161.331
9805.857	131.521	162.832
9948.487	130.342	165.927
10093.191	129.249	170.233
10240.000	128.277	175.449
10388.944	127.443	-178.634
10540.055	126.753	-172.153
10693.363	126.213	-165.193
10848.902	125.840	-157.823
11006.703	125.673	-150.142
11166.799	125.768	-142.367
11329.224	126.172	-134.930
11494.012	126.864	-128.524
11661.195	127.735	-124.005
11830.812	128.620	-122.121
12002.895	129.358	-123.175
12177.480	129.835	-126.827
12354.606	129.981	-132.142
12534.309	129.772	-137.853
12716.624	129.221	-142.722
12901.592	128.371	-145.856
13089.250	127.294	-146.845
13279.637	126.078	-145.713
13472.794	124.815	-142.752
13668.760	123.592	-138.359
13867.577	122.481	-132.921
14069.285	121.526	-126.773
14273.928	120.750	-120.190
14481.547	120.155	-113.399
14692.186	119.738	-106.598
14905.889	119.493	-99.973
15122.700	119.421	-93.717
15342.664	119.521	-88.046
15565.829	119.785	-83.221
15792.239	120.187	-79.571
16021.942	120.679	-77.490
16254.986	121.184	-77.383
16491.422	121.608	-79.532
16731.295	121.841	-83.827
16974.656	121.787	-89.462
17221.559	121.396	-94.935
17472.053	120.722	-98.822
17726.189	119.976	-101.095
17984.021	119.424	-103.457
18245.605	119.169	-108.014
18510.994	119.097	-116.051
18780.242	119.034	-128.029
19053.408	118.828	-143.729
19330.547	118.379	-161.782
19611.715	117.696	-179.139
19896.975	117.016	168.457
