* Measurement data measured by REW V5.20.4
* Source: Input device not selected, no input selected, L, volume: no control
* Format: 256k Log Swept Sine, 1 sweep at -12.0 dBFS with no timing reference
* Dated: 27-Apr-2022 21:49:02
* REW Settings:
*  C-weighting compensation: Off
*  Target level: 75.0 dB
* Note: 
* Measurement: Tin Hifi T1S L
* Smoothing: 1/12 octave
* Frequency Step: 1/48 octave
* Start Frequency: 20.300 Hz
*
* Freq(Hz)	SPL(dB)	Phase(degrees)
20.299999	125.222	-90.0329
20.600000	125.279	-90.4799
20.900000	125.414	-91.4430
21.200001	125.555	-92.5531
21.400000	125.645	-93.3226
21.799999	125.814	-94.8634
22.000000	125.893	-95.6043
22.400000	126.044	-96.9927
22.700001	126.154	-97.9528
23.000000	126.262	-98.8642
23.299999	126.367	-99.7569
23.600000	126.468	-100.6533
24.000000	126.595	-101.8746
24.299999	126.683	-102.8087
24.700001	126.794	-104.0590
25.000000	126.874	-104.9833
25.400000	126.978	-106.1830
25.799999	127.082	-107.3434
26.200001	127.184	-108.4737
26.500000	127.259	-109.3068
26.900000	127.356	-110.3978
27.200001	127.426	-111.1968
27.600000	127.519	-112.2299
28.000000	127.614	-113.2265
28.500000	127.736	-114.4408
29.000000	127.855	-115.6541
29.500000	127.960	-116.8832
30.000000	128.045	-118.1148
30.400000	128.100	-119.0851
30.700001	128.137	-119.7990
31.100000	128.186	-120.7326
31.500000	128.238	-121.6496
32.000000	128.310	-122.7779
32.500000	128.384	-123.8836
33.000000	128.456	-124.9569
33.500000	128.523	-125.9955
34.000000	128.586	-127.0139
34.500000	128.648	-128.0337
35.000000	128.711	-129.0595
35.500000	128.773	-130.0704
36.000000	128.832	-131.0422
36.500000	128.887	-131.9769
37.000000	128.935	-132.9026
37.500000	128.978	-133.8417
38.200001	129.039	-135.1745
38.700001	129.090	-136.1160
39.500000	129.171	-137.4883
40.000000	129.203	-138.1201
40.599998	129.226	-138.5376
41.200001	129.264	-138.7661
41.799999	129.335	-139.2681
42.500000	129.420	-140.6200
43.099998	129.455	-142.2376
43.700001	129.461	-143.8087
44.400002	129.466	-145.2812
45.000000	129.484	-146.2969
45.500000	129.500	-147.0687
46.200001	129.519	-148.0997
46.799999	129.537	-148.9689
47.500000	129.566	-149.9986
48.200001	129.594	-151.0082
48.700001	129.611	-151.6716
49.400002	129.633	-152.5049
50.000000	129.651	-153.1770
50.799999	129.676	-154.0893
51.500000	129.697	-154.9210
52.200001	129.717	-155.7768
53.000000	129.736	-156.7750
53.799999	129.748	-157.7684
54.500000	129.755	-158.6072
55.200001	129.760	-159.4116
56.000000	129.765	-160.3016
57.000000	129.771	-161.3982
58.000000	129.779	-162.5027
59.000000	129.786	-163.5894
60.000000	129.783	-164.6025
60.799999	129.772	-165.3754
61.500000	129.760	-166.0538
62.200001	129.750	-166.7428
63.000000	129.744	-167.5336
64.000000	129.741	-168.4994
65.000000	129.730	-169.4150
66.000000	129.713	-170.2973
67.000000	129.694	-171.1741
68.000000	129.674	-172.0417
69.000000	129.653	-172.9014
70.000000	129.632	-173.7730
71.000000	129.614	-174.6626
72.000000	129.595	-175.5477
73.000000	129.569	-176.4052
74.000000	129.534	-177.2407
75.000000	129.494	-178.0660
76.199997	129.444	-179.0155
77.500000	129.383	-179.9428
78.800003	129.313	179.2272
80.000000	129.246	178.5043
81.199997	129.178	177.8217
82.500000	129.100	177.1592
83.800003	129.014	176.5695
85.000000	128.930	176.1078
86.199997	128.849	175.7359
87.500000	128.764	175.3950
88.500000	128.709	175.2026
90.000000	128.657	175.1312
91.199997	128.640	175.2015
92.500000	128.644	175.2071
93.800003	128.671	175.0171
95.000000	128.713	174.6649
96.199997	128.766	174.1453
97.500000	128.822	173.4166
98.800003	128.857	172.5862
100.000000	128.863	171.7992
101.500000	128.845	170.8717
103.000000	128.809	170.0338
104.400002	128.763	169.3015
106.000000	128.698	168.5133
107.500000	128.625	167.8536
109.000000	128.543	167.3038
110.599998	128.455	166.8416
112.000000	128.386	166.5087
113.800003	128.329	166.0162
115.000000	128.314	165.5267
117.199997	128.312	164.3001
118.000000	128.310	163.8963
120.599998	128.302	163.6833
122.000000	128.316	164.1451
124.099998	128.377	164.5714
125.000000	128.415	164.4267
126.500000	128.483	163.7698
128.000000	128.537	162.9910
131.500000	128.530	161.7441
132.000000	128.522	161.5529
134.000000	128.498	160.6641
136.000000	128.464	159.7343
138.000000	128.396	158.9052
140.000000	128.304	158.1312
143.000000	128.189	156.9666
145.000000	128.143	156.2896
147.500000	128.093	155.5751
150.000000	128.041	154.9249
152.500000	127.982	154.2539
155.000000	127.910	153.5460
157.500000	127.835	152.8451
160.000000	127.765	152.1762
162.500000	127.692	151.5454
165.000000	127.612	150.9175
167.500000	127.526	150.2611
170.000000	127.437	149.6399
172.500000	127.343	149.1096
175.000000	127.241	148.6596
177.500000	127.132	148.2924
180.000000	127.032	148.0252
182.500000	126.950	147.8202
185.000000	126.876	147.6502
187.500000	126.809	147.5372
190.000000	126.758	147.4966
192.500000	126.724	147.4918
195.000000	126.705	147.4602
197.500000	126.693	147.3695
200.000000	126.687	147.1843
203.000000	126.691	146.7131
206.000000	126.700	145.9435
209.000000	126.696	145.0644
212.000000	126.661	144.2397
214.000000	126.622	143.7396
218.000000	126.523	142.8498
220.000000	126.468	142.4562
224.000000	126.357	141.7411
227.000000	126.272	141.2458
230.000000	126.187	140.7875
233.000000	126.103	140.3675
236.000000	126.022	139.9757
240.000000	125.918	139.4951
243.000000	125.841	139.1674
247.000000	125.739	138.7597
250.000000	125.661	138.4652
254.000000	125.558	138.0862
258.000000	125.459	137.7266
262.000000	125.362	137.3867
265.000000	125.291	137.1448
269.000000	125.198	136.8379
272.000000	125.130	136.6187
276.000000	125.041	136.3447
280.000000	124.954	136.0978
285.000000	124.848	135.8277
290.000000	124.744	135.5815
295.000000	124.639	135.3361
300.000000	124.532	135.0849
304.000000	124.448	134.8905
307.000000	124.386	134.7515
311.000000	124.305	134.5789
315.000000	124.225	134.4276
320.000000	124.128	134.2693
325.000000	124.032	134.1298
330.000000	123.937	134.0005
335.000000	123.843	133.8865
340.000000	123.751	133.7911
345.000000	123.662	133.7123
350.000000	123.576	133.6432
355.000000	123.493	133.5796
360.000000	123.414	133.5187
365.000000	123.336	133.4551
370.000000	123.259	133.3856
375.000000	123.182	133.3157
382.000000	123.075	133.2307
387.000000	122.999	133.1810
395.000000	122.878	133.1155
400.000000	122.804	133.0891
406.000000	122.718	133.0768
412.000000	122.633	133.0777
418.000000	122.550	133.0882
425.000000	122.456	133.1230
431.000000	122.377	133.1717
437.000000	122.302	133.2255
444.000000	122.217	133.2896
450.000000	122.146	133.3512
455.000000	122.088	133.4107
462.000000	122.010	133.5066
468.000000	121.943	133.5964
475.000000	121.866	133.7060
482.000000	121.789	133.8262
487.000000	121.734	133.9228
494.000000	121.659	134.0687
500.000000	121.596	134.1986
508.000000	121.513	134.3808
515.000000	121.442	134.5527
522.000000	121.372	134.7354
530.000000	121.294	134.9541
538.000000	121.219	135.1815
545.000000	121.155	135.3884
552.000000	121.091	135.6027
560.000000	121.020	135.8549
570.000000	120.934	136.1798
580.000000	120.850	136.5202
590.000000	120.769	136.8831
600.000000	120.692	137.2650
608.000000	120.635	137.5786
615.000000	120.587	137.8574
622.000000	120.540	138.1418
630.000000	120.489	138.4768
640.000000	120.427	138.9134
650.000000	120.367	139.3697
660.000000	120.309	139.8395
670.000000	120.253	140.3177
680.000000	120.197	140.8152
690.000000	120.142	141.3474
700.000000	120.088	141.9172
710.000000	120.036	142.5287
720.000000	119.988	143.1917
730.000000	119.946	143.9149
740.000000	119.915	144.6970
750.000000	119.900	145.5177
762.000000	119.905	146.4938
775.000000	119.936	147.4469
788.000000	119.979	148.2289
800.000000	120.016	148.8164
812.000000	120.042	149.3349
825.000000	120.062	149.8821
838.000000	120.074	150.4564
850.000000	120.083	151.0171
862.000000	120.093	151.5999
875.000000	120.106	152.2509
885.000000	120.120	152.7632
900.000000	120.148	153.5445
912.000000	120.175	154.1729
925.000000	120.210	154.8483
938.000000	120.251	155.5132
950.000000	120.293	156.1174
962.000000	120.339	156.7115
975.000000	120.393	157.3405
988.000000	120.451	157.9518
1000.000000	120.507	158.4976
1015.000000	120.581	159.1489
1030.000000	120.659	159.7644
1044.000000	120.735	160.3091
1060.000000	120.828	160.8941
1075.000000	120.919	161.4052
1090.000000	121.013	161.8830
1106.000000	121.115	162.3563
1120.000000	121.207	162.7403
1138.000000	121.326	163.1966
1150.000000	121.406	163.4791
1172.000000	121.555	163.9553
1180.000000	121.610	164.1155
1206.000000	121.789	164.5900
1220.000000	121.888	164.8174
1241.000000	122.036	165.1236
1250.000000	122.099	165.2427
1265.000000	122.205	165.4261
1280.000000	122.310	165.5897
1315.000000	122.553	165.8930
1320.000000	122.587	165.9280
1340.000000	122.721	166.0487
1360.000000	122.850	166.1378
1380.000000	122.973	166.1918
1400.000000	123.090	166.2096
1430.000000	123.258	166.1782
1450.000000	123.366	166.1253
1475.000000	123.501	166.0282
1500.000000	123.636	165.9015
1525.000000	123.776	165.7501
1550.000000	123.925	165.5789
1575.000000	124.079	165.3929
1600.000000	124.234	165.1966
1625.000000	124.385	164.9924
1650.000000	124.535	164.7822
1675.000000	124.684	164.5674
1700.000000	124.834	164.3475
1725.000000	124.987	164.1209
1750.000000	125.139	163.8859
1775.000000	125.291	163.6415
1800.000000	125.441	163.3859
1825.000000	125.589	163.1166
1850.000000	125.734	162.8337
1875.000000	125.876	162.5383
1900.000000	126.012	162.2281
1925.000000	126.138	161.8986
1950.000000	126.255	161.5459
1975.000000	126.363	161.1692
2000.000000	126.466	160.7687
2030.000000	126.583	160.2579
2060.000000	126.697	159.7150
2090.000000	126.805	159.1400
2120.000000	126.909	158.5320
2140.000000	126.975	158.1089
2180.000000	127.101	157.2220
2200.000000	127.159	156.7606
2240.000000	127.265	155.8094
2270.000000	127.335	155.0759
2300.000000	127.397	154.3304
2330.000000	127.449	153.5784
2360.000000	127.491	152.8254
2400.000000	127.532	151.8333
2430.000000	127.551	151.1105
2470.000000	127.560	150.1966
2500.000000	127.557	149.5665
2540.000000	127.541	148.8267
2580.000000	127.520	148.2159
2620.000000	127.503	147.7175
2650.000000	127.496	147.3842
2690.000000	127.497	146.9296
2720.000000	127.501	146.5424
2760.000000	127.499	145.9423
2800.000000	127.479	145.2726
2850.000000	127.422	144.4325
2900.000000	127.332	143.7013
2950.000000	127.219	143.1503
3000.000000	127.096	142.7961
3040.000000	126.997	142.6447
3070.000000	126.924	142.5988
3110.000000	126.831	142.6150
3150.000000	126.743	142.7046
3200.000000	126.638	142.8996
3250.000000	126.541	143.1705
3300.000000	126.450	143.5064
3350.000000	126.365	143.9018
3400.000000	126.288	144.3546
3450.000000	126.223	144.8638
3500.000000	126.170	145.4266
3550.000000	126.127	146.0358
3600.000000	126.093	146.6826
3650.000000	126.068	147.3587
3700.000000	126.051	148.0559
3750.000000	126.041	148.7657
3820.000000	126.034	149.7628
3870.000000	126.032	150.4666
3950.000000	126.034	151.5553
4000.000000	126.040	152.2000
4060.000000	126.052	152.9249
4120.000000	126.069	153.5858
4180.000000	126.088	154.1735
4250.000000	126.108	154.7554
4310.000000	126.116	155.1586
4370.000000	126.112	155.4709
4440.000000	126.091	155.7205
4500.000000	126.057	155.8412
4550.000000	126.018	155.8820
4620.000000	125.943	155.8617
4680.000000	125.858	155.7889
4750.000000	125.732	155.6674
4820.000000	125.578	155.5425
4870.000000	125.450	155.4751
4940.000000	125.247	155.4435
5000.000000	125.051	155.5003
5080.000000	124.760	155.7374
5150.000000	124.478	156.1290
5220.000000	124.175	156.7152
5300.000000	123.808	157.6420
5380.000000	123.427	158.8543
5450.000000	123.088	160.1512
5520.000000	122.746	161.6636
5600.000000	122.359	163.6440
5700.000000	121.886	166.4744
5800.000000	121.431	169.6691
5900.000000	121.000	173.1905
6000.000000	120.598	177.0017
6080.000000	120.298	-179.7655
6150.000000	120.052	-176.8205
6220.000000	119.820	-173.7811
6300.000000	119.576	-170.2056
6400.000000	119.302	-165.5975
6500.000000	119.064	-160.8459
6600.000000	118.868	-155.9539
6700.000000	118.719	-150.9181
6800.000000	118.634	-145.7505
6900.000000	118.625	-140.5240
7000.000000	118.688	-135.3675
7100.000000	118.803	-130.3514
7200.000000	118.963	-125.4465
7300.000000	119.174	-120.6320
7400.000000	119.445	-115.9350
7500.000000	119.787	-111.4115
7620.000000	120.302	-106.3231
7750.000000	120.996	-101.4435
7880.000000	121.828	-97.5807
8000.000000	122.696	-95.3790
8120.000000	123.603	-95.0475
8250.000000	124.500	-97.4318
8380.000000	125.125	-102.9250
8500.000000	125.309	-110.1464
8620.000000	125.031	-117.9898
8750.000000	124.213	-125.2251
8850.000000	123.281	-128.9472
9000.000000	121.564	-131.0182
9120.000000	120.060	-129.9527
9250.000000	118.432	-126.7066
9380.000000	116.884	-121.8899
9500.000000	115.562	-116.4599
9620.000000	114.351	-110.3537
9750.000000	113.161	-103.1835
9880.000000	112.087	-95.5858
10000.000000	111.188	-88.2826
10150.000000	110.175	-78.8610
10300.000000	109.269	-69.2124
10440.000000	108.511	-60.0658
10600.000000	107.734	-49.4814
10750.000000	107.085	-39.4500
10900.000000	106.505	-29.3337
11060.000000	105.953	-18.4805
11200.000000	105.524	-8.9492
11380.000000	105.043	3.3509
11500.000000	104.767	11.5700
11720.000000	104.356	26.6445
11800.000000	104.238	32.1273
12060.000000	103.983	49.9151
12200.000000	103.934	59.4053
12410.000000	103.989	73.4523
12500.000000	104.057	79.4107
12650.000000	104.222	89.2762
12800.000000	104.450	99.0699
13150.000000	105.252	121.6558
13200.000000	105.402	124.8420
13400.000000	106.114	137.4096
13600.000000	107.039	149.5966
13800.000000	108.246	161.3022
14000.000000	109.799	172.3529
14300.000000	112.822	-173.2359
14500.000000	115.170	-166.3868
14750.000000	118.052	-163.7349
15000.000000	120.274	-170.8484
15250.000000	121.259	173.0347
15500.000000	120.797	156.1006
15750.000000	119.207	146.6871
16000.000000	117.115	145.9269
16250.000000	115.132	150.6674
16500.000000	113.651	157.8491
16750.000000	112.792	165.5677
17000.000000	112.509	172.6616
17250.000000	112.704	178.2176
17500.000000	113.244	-178.7464
17750.000000	113.939	-179.3112
18000.000000	114.542	175.6905
18250.000000	114.806	166.3462
18500.000000	114.550	154.1307
18750.000000	113.714	141.3859
19000.000000	112.357	130.0397
19250.000000	110.607	120.8726
19500.000000	108.633	113.8782
19750.000000	106.700	108.9893
