* Measurement data measured by REW V5.19
* Source: Frequency Response Averaged data
* Format: Averaged data produced from Jan 15 20:33:53, Jan 15 20:34:20, Jan 15 20:34:52, Jan 15 20:35:18
* Dated: 15-Jan-2022 20:35:26
* REW Settings:
*  C-weighting compensation: Off
*  Target level: 75.0 dB
* Note: Averaged data produced from Jan 15 20:33:53, Jan 15 20:34:20, Jan 15 20:34:52, Jan 15 20:35:18
* Measurement: FiiO JD3 L
* Smoothing: 1/24 octave
* Frequency Step: 1/48 octave
* Start Frequency: 20.000 Hz
*
* Freq(Hz)	SPL(dB)
20.000000	102.125
20.299999	102.134
20.600000	102.143
20.900000	102.152
21.200001	102.161
21.400000	102.167
21.799999	102.180
22.000000	102.186
22.400000	102.200
22.700001	102.210
23.000000	102.220
23.299999	102.230
23.600000	102.240
24.000000	102.252
24.299999	102.260
24.700001	102.270
25.000000	102.276
25.400000	102.283
25.799999	102.288
26.200001	102.292
26.500000	102.295
26.900000	102.297
27.200001	102.298
27.600000	102.299
28.000000	102.300
28.500000	102.300
29.000000	102.301
29.500000	102.302
30.000000	102.303
30.400000	102.304
30.700001	102.305
31.100000	102.306
31.500000	102.306
32.000000	102.307
32.500000	102.307
33.000000	102.306
33.500000	102.305
34.000000	102.303
34.500000	102.300
35.000000	102.297
35.500000	102.294
36.000000	102.290
36.500000	102.285
37.000000	102.279
37.500000	102.272
38.200001	102.261
38.700001	102.251
39.500000	102.235
40.000000	102.224
40.599998	102.212
41.200001	102.199
41.799999	102.187
42.500000	102.173
43.099998	102.161
43.700001	102.149
44.400002	102.134
45.000000	102.121
45.500000	102.109
46.200001	102.092
46.799999	102.077
47.500000	102.059
48.200001	102.040
48.700001	102.026
49.400002	102.006
50.000000	101.989
50.799999	101.967
51.500000	101.947
52.200001	101.928
53.000000	101.907
53.799999	101.886
54.500000	101.867
55.200001	101.849
56.000000	101.827
57.000000	101.799
58.000000	101.771
59.000000	101.741
60.000000	101.711
60.799999	101.686
61.500000	101.665
62.200001	101.643
63.000000	101.617
64.000000	101.584
65.000000	101.551
66.000000	101.517
67.000000	101.482
68.000000	101.446
69.000000	101.410
70.000000	101.372
71.000000	101.335
72.000000	101.297
73.000000	101.260
74.000000	101.222
75.000000	101.184
76.199997	101.138
77.500000	101.088
78.800003	101.038
80.000000	100.990
81.199997	100.943
82.500000	100.891
83.800003	100.839
85.000000	100.790
86.199997	100.741
87.500000	100.687
88.500000	100.645
90.000000	100.582
91.199997	100.531
92.500000	100.475
93.800003	100.419
95.000000	100.366
96.199997	100.313
97.500000	100.256
98.800003	100.197
100.000000	100.142
101.500000	100.073
103.000000	100.002
104.400002	99.935
106.000000	99.857
107.500000	99.782
109.000000	99.705
110.599998	99.621
112.000000	99.547
113.800003	99.449
115.000000	99.384
117.199997	99.265
118.000000	99.222
120.599998	99.090
122.000000	99.025
124.099998	98.940
125.000000	98.910
126.500000	98.867
128.000000	98.836
131.500000	98.813
132.000000	98.815
134.000000	98.834
136.000000	98.868
138.000000	98.910
140.000000	98.955
143.000000	99.015
145.000000	99.044
147.500000	99.064
150.000000	99.062
152.500000	99.041
155.000000	99.001
157.500000	98.945
160.000000	98.875
162.500000	98.796
165.000000	98.708
167.500000	98.614
170.000000	98.516
172.500000	98.415
175.000000	98.313
177.500000	98.211
180.000000	98.112
182.500000	98.015
185.000000	97.923
187.500000	97.836
190.000000	97.753
192.500000	97.673
195.000000	97.597
197.500000	97.523
200.000000	97.450
203.000000	97.365
206.000000	97.282
209.000000	97.199
212.000000	97.118
214.000000	97.064
218.000000	96.959
220.000000	96.907
224.000000	96.804
227.000000	96.729
230.000000	96.655
233.000000	96.582
236.000000	96.509
240.000000	96.415
243.000000	96.344
247.000000	96.252
250.000000	96.183
254.000000	96.093
258.000000	96.004
262.000000	95.916
265.000000	95.851
269.000000	95.766
272.000000	95.704
276.000000	95.622
280.000000	95.543
285.000000	95.446
290.000000	95.352
295.000000	95.261
300.000000	95.172
304.000000	95.102
307.000000	95.051
311.000000	94.984
315.000000	94.917
320.000000	94.836
325.000000	94.756
330.000000	94.677
335.000000	94.600
340.000000	94.524
345.000000	94.450
350.000000	94.377
355.000000	94.306
360.000000	94.236
365.000000	94.167
370.000000	94.100
375.000000	94.034
382.000000	93.944
387.000000	93.881
395.000000	93.783
400.000000	93.723
406.000000	93.654
412.000000	93.586
418.000000	93.521
425.000000	93.447
431.000000	93.386
437.000000	93.327
444.000000	93.261
450.000000	93.205
455.000000	93.160
462.000000	93.099
468.000000	93.048
475.000000	92.990
482.000000	92.935
487.000000	92.896
494.000000	92.844
500.000000	92.800
508.000000	92.744
515.000000	92.697
522.000000	92.651
530.000000	92.601
538.000000	92.553
545.000000	92.513
552.000000	92.474
560.000000	92.432
570.000000	92.382
580.000000	92.336
590.000000	92.293
600.000000	92.253
608.000000	92.223
615.000000	92.199
622.000000	92.176
630.000000	92.152
640.000000	92.124
650.000000	92.100
660.000000	92.080
670.000000	92.063
680.000000	92.050
690.000000	92.040
700.000000	92.034
710.000000	92.031
720.000000	92.032
730.000000	92.037
740.000000	92.045
750.000000	92.057
762.000000	92.077
775.000000	92.104
788.000000	92.137
800.000000	92.174
812.000000	92.216
825.000000	92.268
838.000000	92.326
850.000000	92.386
862.000000	92.450
875.000000	92.525
885.000000	92.587
900.000000	92.686
912.000000	92.771
925.000000	92.866
938.000000	92.967
950.000000	93.063
962.000000	93.162
975.000000	93.271
988.000000	93.383
1000.000000	93.488
1015.000000	93.620
1030.000000	93.750
1044.000000	93.871
1060.000000	94.004
1075.000000	94.124
1090.000000	94.237
1106.000000	94.349
1120.000000	94.439
1138.000000	94.545
1150.000000	94.609
1172.000000	94.717
1180.000000	94.754
1206.000000	94.875
1220.000000	94.942
1241.000000	95.048
1250.000000	95.097
1265.000000	95.181
1280.000000	95.270
1315.000000	95.494
1320.000000	95.528
1340.000000	95.666
1360.000000	95.810
1380.000000	95.957
1400.000000	96.109
1430.000000	96.344
1450.000000	96.505
1475.000000	96.708
1500.000000	96.910
1525.000000	97.107
1550.000000	97.295
1575.000000	97.471
1600.000000	97.635
1625.000000	97.789
1650.000000	97.938
1675.000000	98.088
1700.000000	98.246
1725.000000	98.419
1750.000000	98.610
1775.000000	98.820
1800.000000	99.045
1825.000000	99.282
1850.000000	99.526
1875.000000	99.773
1900.000000	100.016
1925.000000	100.253
1950.000000	100.481
1975.000000	100.697
2000.000000	100.900
2030.000000	101.125
2060.000000	101.329
2090.000000	101.509
2120.000000	101.666
2140.000000	101.757
2180.000000	101.906
2200.000000	101.964
2240.000000	102.046
2270.000000	102.078
2300.000000	102.086
2330.000000	102.068
2360.000000	102.027
2400.000000	101.936
2430.000000	101.843
2470.000000	101.688
2500.000000	101.551
2540.000000	101.343
2580.000000	101.111
2620.000000	100.859
2650.000000	100.661
2690.000000	100.386
2720.000000	100.175
2760.000000	99.891
2800.000000	99.607
2850.000000	99.255
2900.000000	98.913
2950.000000	98.583
3000.000000	98.267
3040.000000	98.025
3070.000000	97.851
3110.000000	97.628
3150.000000	97.416
3200.000000	97.165
3250.000000	96.931
3300.000000	96.713
3350.000000	96.509
3400.000000	96.320
3450.000000	96.143
3500.000000	95.980
3550.000000	95.828
3600.000000	95.689
3650.000000	95.563
3700.000000	95.449
3750.000000	95.348
3820.000000	95.227
3870.000000	95.155
3950.000000	95.064
4000.000000	95.020
4060.000000	94.981
4120.000000	94.957
4180.000000	94.948
4250.000000	94.960
4310.000000	94.990
4370.000000	95.042
4440.000000	95.132
4500.000000	95.237
4550.000000	95.345
4620.000000	95.529
4680.000000	95.718
4750.000000	95.975
4820.000000	96.269
4870.000000	96.500
4940.000000	96.849
5000.000000	97.169
5080.000000	97.617
5150.000000	98.021
5220.000000	98.428
5300.000000	98.886
5380.000000	99.325
5450.000000	99.685
5520.000000	100.014
5600.000000	100.345
5700.000000	100.678
5800.000000	100.908
5900.000000	101.027
6000.000000	101.030
6080.000000	100.949
6150.000000	100.820
6220.000000	100.638
6300.000000	100.371
6400.000000	99.959
6500.000000	99.474
6600.000000	98.933
6700.000000	98.352
6800.000000	97.747
6900.000000	97.132
7000.000000	96.520
7100.000000	95.922
7200.000000	95.345
7300.000000	94.800
7400.000000	94.292
7500.000000	93.830
7620.000000	93.347
7750.000000	92.929
7880.000000	92.638
8000.000000	92.499
8120.000000	92.495
8250.000000	92.643
8380.000000	92.939
8500.000000	93.318
8620.000000	93.770
8750.000000	94.299
8850.000000	94.708
9000.000000	95.285
9120.000000	95.686
9250.000000	96.036
9380.000000	96.282
9500.000000	96.409
9620.000000	96.434
9750.000000	96.345
9880.000000	96.137
10000.000000	95.841
10150.000000	95.337
10300.000000	94.694
10440.000000	93.980
10600.000000	93.047
10750.000000	92.075
10900.000000	91.029
11060.000000	89.854
11200.000000	88.797
11380.000000	87.427
11500.000000	86.525
11720.000000	84.935
11800.000000	84.388
12060.000000	82.766
12200.000000	82.009
12410.000000	81.039
12500.000000	80.686
12650.000000	80.179
12800.000000	79.769
13150.000000	79.166
13200.000000	79.118
13400.000000	79.018
13600.000000	79.065
13800.000000	79.261
14000.000000	79.602
14300.000000	80.356
14500.000000	80.982
14750.000000	81.848
15000.000000	82.741
15250.000000	83.604
15500.000000	84.388
15750.000000	85.059
16000.000000	85.594
16250.000000	85.975
16500.000000	86.197
16750.000000	86.258
17000.000000	86.164
17250.000000	85.927
17500.000000	85.563
17750.000000	85.094
18000.000000	84.545
18250.000000	83.949
18500.000000	83.336
18750.000000	82.742
19000.000000	82.197
19250.000000	81.728
19500.000000	81.351
19750.000000	81.085
