* Measurement data measured by REW V5.19
* Source: Microphone (USB Sound Device        ), MICROPHONE (Master Volume), R, volume: no control
* Format: 256k Log Swept Sine, 1 sweep at -12.0 dBFS  With no timing reference
* Dated: Jul 11, 2021 5:28:33 PM
* REW Settings:
*  C-weighting compensation: On
*  Target level: 75.0 dB
* Note: 
* Measurement: ThieAudio L2 R
* Smoothing: 1/24 octave
* Frequency Step: 1/48 octave
* Start Frequency: 20.0 Hz
*
* Freq(Hz)	SPL(dB)	Phase(degrees)
20.000	118.608	8.737
20.291	118.591	8.295
20.586	118.566	7.887
20.885	118.532	7.470
21.189	118.491	7.028
21.497	118.443	6.564
21.810	118.388	6.075
22.127	118.328	5.556
22.449	118.266	4.996
22.776	118.203	4.379
23.107	118.141	3.694
23.443	118.079	2.943
23.784	118.020	2.142
24.130	117.965	1.313
24.481	117.919	0.469
24.837	117.882	-0.385
25.198	117.855	-1.244
25.565	117.835	-2.098
25.937	117.820	-2.928
26.314	117.809	-3.712
26.697	117.801	-4.437
27.085	117.793	-5.098
27.479	117.785	-5.699
27.879	117.774	-6.242
28.284	117.759	-6.738
28.696	117.738	-7.202
29.113	117.711	-7.656
29.537	117.676	-8.116
29.966	117.633	-8.590
30.402	117.583	-9.085
30.844	117.528	-9.610
31.293	117.470	-10.173
31.748	117.411	-10.777
32.210	117.353	-11.418
32.678	117.298	-12.088
33.154	117.250	-12.784
33.636	117.208	-13.497
34.125	117.173	-14.210
34.621	117.144	-14.905
35.125	117.119	-15.570
35.636	117.095	-16.197
36.154	117.072	-16.786
36.680	117.047	-17.341
37.214	117.019	-17.871
37.755	116.985	-18.389
38.304	116.946	-18.901
38.861	116.902	-19.416
39.427	116.854	-19.945
40.000	116.804	-20.492
40.582	116.753	-21.061
41.172	116.703	-21.651
41.771	116.654	-22.254
42.379	116.607	-22.856
42.995	116.562	-23.447
43.620	116.521	-24.029
44.255	116.480	-24.609
44.898	116.438	-25.182
45.552	116.393	-25.738
46.214	116.346	-26.280
46.886	116.300	-26.819
47.568	116.254	-27.369
48.260	116.207	-27.923
48.962	116.161	-28.471
49.674	116.117	-29.016
50.397	116.074	-29.563
51.130	116.030	-30.109
51.874	115.985	-30.650
52.628	115.937	-31.187
53.394	115.888	-31.720
54.170	115.839	-32.257
54.958	115.790	-32.809
55.758	115.741	-33.374
56.569	115.694	-33.940
57.391	115.649	-34.501
58.226	115.606	-35.052
59.073	115.563	-35.586
59.932	115.519	-36.108
60.804	115.472	-36.624
61.688	115.421	-37.136
62.586	115.368	-37.649
63.496	115.315	-38.180
64.420	115.264	-38.732
65.357	115.213	-39.296
66.307	115.164	-39.855
67.272	115.116	-40.392
68.250	115.070	-40.920
69.243	115.022	-41.441
70.250	114.971	-41.954
71.272	114.919	-42.473
72.309	114.866	-43.006
73.360	114.812	-43.546
74.427	114.759	-44.082
75.510	114.707	-44.611
76.608	114.656	-45.134
77.723	114.605	-45.652
78.853	114.553	-46.163
80.000	114.504	-46.672
81.164	114.457	-47.189
82.344	114.412	-47.714
83.542	114.368	-48.252
84.757	114.321	-48.799
85.990	114.274	-49.354
87.241	114.227	-49.918
88.510	114.180	-50.486
89.797	114.134	-51.048
91.103	114.088	-51.601
92.428	114.041	-52.150
93.773	113.991	-52.698
95.137	113.942	-53.256
96.520	113.893	-53.826
97.924	113.846	-54.403
99.349	113.801	-54.974
100.794	113.755	-55.529
102.260	113.710	-56.079
103.747	113.664	-56.648
105.256	113.616	-57.226
106.787	113.569	-57.804
108.340	113.521	-58.373
109.916	113.475	-58.937
111.515	113.430	-59.510
113.137	113.383	-60.094
114.783	113.336	-60.679
116.452	113.290	-61.261
118.146	113.244	-61.845
119.865	113.199	-62.437
121.608	113.154	-63.032
123.377	113.110	-63.622
125.171	113.067	-64.212
126.992	113.023	-64.815
128.839	112.977	-65.421
130.713	112.932	-66.028
132.615	112.887	-66.636
134.543	112.839	-67.245
136.500	112.791	-67.857
138.486	112.742	-68.479
140.500	112.693	-69.098
142.544	112.644	-69.710
144.617	112.596	-70.319
146.721	112.549	-70.932
148.855	112.501	-71.558
151.020	112.452	-72.196
153.217	112.403	-72.836
155.445	112.355	-73.476
157.706	112.306	-74.121
160.000	112.256	-74.770
162.327	112.207	-75.415
164.688	112.157	-76.055
167.084	112.108	-76.699
169.514	112.061	-77.353
171.980	112.015	-78.013
174.481	111.970	-78.662
177.019	111.926	-79.307
179.594	111.882	-79.957
182.206	111.839	-80.605
184.856	111.795	-81.249
187.545	111.751	-81.895
190.273	111.707	-82.549
193.041	111.667	-83.215
195.849	111.629	-83.880
198.697	111.591	-84.533
201.587	111.553	-85.183
204.520	111.516	-85.840
207.494	111.478	-86.504
210.512	111.441	-87.171
213.574	111.406	-87.842
216.681	111.369	-88.516
219.833	111.331	-89.177
223.030	111.291	-89.835
226.274	111.252	-90.497
229.565	111.213	-91.145
232.905	111.173	-91.791
236.292	111.133	-92.451
239.729	111.095	-93.115
243.216	111.056	-93.776
246.754	111.013	-94.439
250.343	110.969	-95.087
253.984	110.925	-95.714
257.678	110.884	-96.341
261.426	110.843	-96.975
265.229	110.801	-97.606
269.087	110.759	-98.214
273.001	110.720	-98.803
276.972	110.680	-99.382
281.000	110.640	-99.938
285.088	110.601	-100.452
289.234	110.563	-100.921
293.441	110.530	-101.332
297.710	110.505	-101.671
302.040	110.499	-101.969
306.433	110.518	-102.312
310.890	110.556	-102.796
315.412	110.599	-103.463
320.000	110.630	-104.293
324.655	110.640	-105.230
329.377	110.627	-106.185
334.168	110.597	-107.089
339.028	110.557	-107.919
343.959	110.512	-108.682
348.962	110.465	-109.403
354.038	110.418	-110.089
359.188	110.373	-110.745
364.412	110.330	-111.369
369.713	110.289	-111.972
375.090	110.247	-112.555
380.546	110.207	-113.126
386.081	110.172	-113.695
391.697	110.139	-114.254
397.395	110.107	-114.795
403.175	110.077	-115.319
409.039	110.047	-115.831
414.989	110.020	-116.343
421.025	109.993	-116.849
427.149	109.966	-117.340
433.362	109.936	-117.817
439.665	109.905	-118.286
446.060	109.875	-118.745
452.548	109.845	-119.198
459.131	109.814	-119.641
465.809	109.783	-120.077
472.584	109.755	-120.497
479.458	109.728	-120.886
486.432	109.700	-121.255
493.507	109.674	-121.618
500.686	109.649	-121.979
507.968	109.627	-122.326
515.357	109.608	-122.659
522.853	109.590	-123.000
530.458	109.570	-123.366
538.174	109.547	-123.744
546.002	109.520	-124.111
553.943	109.490	-124.458
562.001	109.455	-124.780
570.175	109.418	-125.056
578.469	109.382	-125.273
586.883	109.347	-125.426
595.419	109.317	-125.527
604.080	109.296	-125.590
612.866	109.285	-125.641
621.780	109.281	-125.717
630.824	109.282	-125.831
640.000	109.283	-125.985
649.309	109.278	-126.161
658.753	109.265	-126.319
668.335	109.248	-126.432
678.056	109.232	-126.491
687.919	109.218	-126.494
697.925	109.208	-126.453
708.076	109.204	-126.388
718.376	109.202	-126.311
728.825	109.202	-126.217
739.426	109.206	-126.099
750.181	109.215	-125.955
761.093	109.227	-125.795
772.163	109.238	-125.619
783.394	109.252	-125.423
794.789	109.270	-125.213
806.349	109.290	-124.987
818.078	109.315	-124.745
829.977	109.345	-124.493
842.050	109.380	-124.237
854.297	109.417	-123.973
866.724	109.455	-123.688
879.330	109.497	-123.382
892.120	109.545	-123.068
905.097	109.600	-122.751
918.262	109.660	-122.438
931.618	109.726	-122.130
945.169	109.798	-121.826
958.917	109.875	-121.532
972.864	109.954	-121.257
987.015	110.036	-121.010
1001.371	110.123	-120.789
1015.937	110.217	-120.579
1030.714	110.316	-120.390
1045.706	110.417	-120.231
1060.916	110.520	-120.106
1076.347	110.626	-120.019
1092.003	110.735	-119.968
1107.887	110.845	-119.951
1124.001	110.956	-119.963
1140.350	111.067	-120.005
1156.937	111.177	-120.072
1173.765	111.287	-120.168
1190.838	111.398	-120.288
1208.159	111.512	-120.427
1225.732	111.628	-120.588
1243.561	111.744	-120.770
1261.649	111.858	-120.967
1280.000	111.971	-121.170
1298.618	112.084	-121.374
1317.507	112.197	-121.586
1336.670	112.311	-121.805
1356.113	112.430	-122.031
1375.838	112.560	-122.266
1395.850	112.697	-122.509
1416.153	112.838	-122.754
1436.751	112.981	-122.998
1457.649	113.125	-123.246
1478.851	113.269	-123.509
1500.362	113.413	-123.784
1522.185	113.550	-124.076
1544.326	113.672	-124.383
1566.789	113.784	-124.702
1589.578	113.894	-125.043
1612.699	114.003	-125.404
1636.156	114.115	-125.784
1659.955	114.227	-126.183
1684.099	114.338	-126.609
1708.595	114.446	-127.067
1733.447	114.554	-127.550
1758.661	114.664	-128.054
1784.241	114.774	-128.586
1810.193	114.885	-129.154
1836.523	114.995	-129.753
1863.236	115.104	-130.384
1890.338	115.215	-131.046
1917.833	115.333	-131.739
1945.729	115.466	-132.465
1974.030	115.608	-133.227
2002.743	115.751	-134.022
2031.873	115.891	-134.850
2061.428	116.030	-135.714
2091.412	116.166	-136.617
2121.832	116.298	-137.556
2152.695	116.424	-138.533
2184.007	116.541	-139.547
2215.774	116.651	-140.601
2248.003	116.754	-141.691
2280.701	116.851	-142.821
2313.874	116.942	-143.991
2347.530	117.026	-145.197
2381.676	117.102	-146.441
2416.318	117.171	-147.721
2451.464	117.232	-149.035
2487.122	117.283	-150.373
2523.298	117.324	-151.732
2560.000	117.354	-153.112
2597.236	117.373	-154.506
2635.014	117.380	-155.906
2673.341	117.374	-157.307
2712.226	117.356	-158.700
2751.676	117.327	-160.076
2791.700	117.285	-161.426
2832.306	117.232	-162.743
2873.503	117.165	-164.015
2915.299	117.086	-165.233
2957.703	116.996	-166.384
3000.724	116.894	-167.454
3044.370	116.778	-168.433
3088.652	116.647	-169.310
3133.577	116.505	-170.067
3179.156	116.356	-170.687
3225.398	116.203	-171.155
3272.312	116.051	-171.449
3319.909	115.906	-171.557
3368.198	115.777	-171.481
3417.190	115.668	-171.245
3466.894	115.585	-170.906
3517.321	115.532	-170.542
3568.482	115.509	-170.215
3620.387	115.510	-169.959
3673.046	115.532	-169.784
3726.472	115.574	-169.709
3780.675	115.637	-169.757
3835.666	115.718	-169.962
3891.457	115.815	-170.353
3948.060	115.919	-170.934
4005.486	116.021	-171.696
4063.747	116.114	-172.623
4122.855	116.195	-173.701
4182.824	116.261	-174.913
4243.664	116.308	-176.234
4305.390	116.336	-177.626
4368.013	116.347	-179.061
4431.547	116.346	179.477
4496.005	116.335	177.970
4561.401	116.312	176.383
4627.749	116.269	174.694
4695.061	116.197	172.910
4763.352	116.090	171.074
4832.637	115.941	169.244
4902.929	115.745	167.472
4974.244	115.505	165.802
5046.596	115.227	164.279
5120.000	114.915	162.944
5194.472	114.573	161.834
5270.027	114.203	160.983
5346.682	113.813	160.418
5424.451	113.406	160.154
5503.352	112.988	160.193
5583.399	112.565	160.535
5664.612	112.146	161.172
5747.006	111.735	162.089
5830.598	111.337	163.279
5915.406	110.956	164.733
6001.447	110.596	166.432
6088.740	110.262	168.354
6177.303	109.956	170.474
6267.154	109.681	172.781
6358.312	109.440	175.256
6450.796	109.235	177.872
6544.625	109.071	-179.381
6639.818	108.949	-176.515
6736.397	108.871	-173.561
6834.380	108.838	-170.546
6933.789	108.842	-167.485
7034.643	108.891	-164.397
7136.964	109.003	-161.334
7240.773	109.190	-158.371
7346.093	109.456	-155.594
7452.944	109.813	-153.112
7561.350	110.268	-151.065
7671.332	110.831	-149.641
7782.915	111.496	-149.120
7896.120	112.231	-149.874
8010.971	112.962	-152.308
8127.493	113.574	-156.675
8245.711	113.933	-162.756
8365.647	113.931	-169.614
8487.328	113.543	-175.769
8610.779	112.859	-179.819
8736.026	112.072	178.898
8863.095	111.413	-179.951
8992.011	111.063	-177.296
9122.803	111.112	-174.278
9255.497	111.547	-172.101
9390.121	112.248	-171.815
9526.704	113.045	-174.031
9665.273	113.785	-178.811
9805.857	114.372	174.140
9948.487	114.743	165.142
10093.191	114.826	154.408
10240.000	114.519	142.391
10388.944	113.727	130.246
10540.055	112.429	119.648
10693.363	110.715	111.919
10848.902	108.752	107.444
11006.703	106.709	105.880
11166.799	104.704	106.658
11329.224	102.809	109.280
11494.012	101.059	113.341
11661.195	99.465	118.500
11830.812	98.029	124.535
12002.895	96.749	131.267
12177.480	95.618	138.474
12354.606	94.623	146.046
12534.309	93.742	153.917
12716.624	92.967	162.006
12901.592	92.295	170.323
13089.250	91.735	178.874
13279.637	91.304	-172.365
13472.794	91.019	-163.490
13668.760	90.875	-154.774
13867.577	90.835	-146.496
14069.285	90.863	-138.640
14273.928	90.970	-130.996
14481.547	91.217	-123.425
14692.186	91.688	-115.964
14905.889	92.465	-108.870
15122.700	93.647	-102.669
15342.664	95.333	-98.217
15565.829	97.485	-96.932
15792.239	99.810	-101.017
16021.942	101.807	-112.720
16254.986	102.988	-131.978
16491.422	103.114	-155.372
16731.295	102.168	-178.550
16974.656	100.195	162.547
17221.559	97.401	150.622
17472.053	94.317	144.277
17726.189	91.043	145.275
17984.021	87.470	157.323
18245.605	85.026	171.531
18510.994	84.235	-178.292
18780.242	84.252	-174.156
19053.408	84.234	-178.411
19330.547	83.361	170.101
19611.715	81.146	158.726
19896.975	78.212	153.534
