
Frequency	dB	Unweighted
19.5	70.8
19.8	70.8
20.1	70.9
20.3	70.9
20.6	70.9
20.9	71
21.2	71
21.6	71
21.9	71
22.2	71
22.5	71
22.8	71
23.2	71
23.5	71
23.8	71
24.2	71
24.5	71.1
24.9	71.1
25.3	71
25.6	71
26	71
26.4	71
26.8	71
27.2	70.9
27.5	70.9
28	70.9
28.4	70.9
28.8	70.8
29.2	70.8
29.6	70.8
30	70.8
30.5	70.7
30.9	70.8
31.4	70.8
31.8	70.8
32.3	70.8
32.8	70.7
33.2	70.7
33.7	70.7
34.2	70.7
34.7	70.7
35.2	70.6
35.7	70.6
36.2	70.5
36.8	70.5
37.3	70.5
37.9	70.5
38.4	70.5
39	70.5
39.5	70.5
40.1	70.4
40.7	70.3
41.3	70.3
41.9	70.2
42.5	70.2
43.1	70.2
43.7	70.2
44.4	70.2
45	70.1
45.7	70.1
46.3	70.1
47	70
47.7	69.9
48.4	69.8
49.1	69.7
49.8	69.7
50.5	69.8
51.3	69.8
52	69.8
52.8	69.7
53.5	69.7
54.3	69.7
55.1	69.7
55.9	69.6
56.7	69.6
57.5	69.4
58.4	69.4
59.2	69.3
60.1	69.3
61	69.2
61.8	69.2
62.7	69.2
63.7	69.3
64.6	69.2
65.5	69.1
66.5	69.1
67.4	69
68.4	69
69.4	69
70.4	68.8
71.5	68.8
72.5	68.8
73.5	68.8
74.6	68.8
75.7	68.6
76.8	68.6
77.9	68.6
79.1	68.6
80.2	68.6
81.4	68.6
82.6	68.6
83.8	68.6
85	68.5
86.2	68.4
87.5	68.3
88.7	68.2
90	68.1
91.3	68.1
92.7	68
94	67.9
95.4	68
96.8	68
98.2	68
99.6	67.9
101	67.9
103	67.8
104	67.6
106	67.7
107	67.8
109	67.7
110	67.6
112	67.6
113	67.5
115	67.5
117	67.5
118	67.5
120	67.5
122	67.5
124	67.4
125	67.3
127	67.3
129	67.3
131	67.4
133	67.5
135	67.4
137	67.2
139	67.1
141	67.1
143	67
145	67
147	67.2
149	67.2
151	67.1
154	67.1
156	67.1
158	67
160	66.9
163	66.9
165	66.9
168	66.8
170	66.8
172	66.8
175	66.9
177	66.8
180	66.6
183	66.7
185	66.8
188	66.5
191	66.5
194	66.6
196	66.5
199	66.5
202	66.5
205	66.4
208	66.4
211	66.4
214	66.5
217	66.4
220	66.3
224	66.2
227	66.3
230	66.3
234	66.3
237	66.3
240	66.3
244	66.2
247	66.1
251	66.2
255	66.3
258	66.2
262	66.1
266	66.1
270	66.1
274	66
278	66
282	66
286	66
290	65.9
294	66
298	65.8
303	65.9
307	65.9
312	65.8
316	65.8
321	65.8
325	65.8
330	65.8
335	65.8
340	65.7
345	65.7
350	65.6
355	65.7
360	65.7
365	65.6
371	65.6
376	65.7
382	65.6
387	65.7
393	65.7
398	65.6
404	65.5
410	65.5
416	65.5
422	65.5
428	65.5
434	65.5
441	65.5
447	65.5
454	65.5
460	65.5
467	65.5
474	65.4
481	65.4
488	65.4
495	65.3
502	65.3
509	65.4
517	65.3
524	65.3
532	65.3
540	65.3
547	65.3
555	65.3
563	65.3
572	65.3
580	65.3
588	65.3
597	65.3
606	65.2
614	65.2
623	65.2
632	65.2
642	65.2
651	65.2
660	65.1
670	65.1
680	65.1
690	65.1
700	65.1
710	65.1
720	65.1
731	65.1
741	65.1
752	65.1
763	65.1
774	65.1
785	65.1
797	65.1
808	65.2
820	65.2
832	65.2
844	65.2
856	65.3
869	65.3
882	65.4
894	65.4
907	65.5
921	65.6
934	65.6
948	65.8
961	65.8
975	66
990	66
1004	66.1
1019	66.3
1033	66.4
1048	66.7
1064	66.8
1079	67.2
1095	67.3
1111	67.6
1127	67.8
1143	67.9
1160	68.3
1177	68.4
1194	68.9
1211	69
1229	69.3
1247	69.5
1265	69.6
1283	69.9
1302	70
1321	70.5
1340	70.5
1360	70.8
1379	70.9
1399	71.3
1420	71.4
1440	71.5
1461	71.8
1483	72
1504	72.1
1526	72.1
1548	72.4
1571	72.4
1594	72.6
1617	72.7
1640	72.7
1664	72.9
1688	73
1713	73.1
1738	73.2
1763	73.4
1789	73.4
1815	73.4
1841	73.7
1868	73.7
1895	73.9
1923	74
1951	74.2
1979	74.3
2008	74.6
2037	74.8
2067	74.8
2097	75.1
2127	75.1
2158	75.4
2190	75.5
2221	75.7
2254	75.8
2287	75.9
2320	76.2
2354	76.2
2388	76.4
2423	76.4
2458	76.6
2494	76.6
2530	76.7
2567	76.7
2604	76.8
2642	76.8
2680	76.8
2719	76.7
2759	76.7
2799	76.6
2840	76.5
2881	76.5
2923	76.3
2965	76.2
3008	76
3052	75.9
3097	75.7
3142	75.5
3187	75.3
3234	75.2
3281	75.1
3328	74.7
3377	74.7
3426	74.4
3476	74.3
3526	74
3578	73.8
3630	73.7
3682	73.4
3736	73.3
3790	73.1
3846	73
3901	72.7
3958	72.6
4016	72.4
4074	72.3
4133	72.2
4194	72
4255	71.9
4316	71.7
4379	71.6
4443	71.5
4508	71.4
4573	71.3
4640	71.2
4707	71.1
4776	70.9
4845	70.8
4916	70.7
4987	70.6
5060	70.5
5133	70.4
5208	70.3
5284	70.1
5360	70
5438	69.8
5518	69.6
5598	69.4
5679	69.2
5762	69
5846	68.7
5931	68.6
6017	68.2
6104	67.9
6193	67.6
6283	67.3
6375	67
6467	66.7
6561	66.5
6657	66
6754	65.7
6852	65.3
6952	64.9
7053	64.6
7155	64.2
7259	63.9
7365	63.5
7472	63.1
7581	62.8
7691	62.5
7803	62.1
7916	61.8
8032	61.5
8148	61.2
8267	61
8387	60.6
8509	60.4
8633	60.1
8758	59.9
8886	59.8
9015	59.6
9146	59.6
9279	59.5
9414	59.5
9551	59.5
9690	59.6
9831	59.7
9974	59.9
10119	60.1
10266	60.3
10416	60.7
10567	60.9
10721	61.1
10877	61.3
11035	61.5
11196	61.5
11358	61.4
11524	61.2
11691	61.1
11861	60.9
12034	60.9
12209	61
12386	61.3
12567	61.8
12749	62.5
12935	63.3
13123	64.9
13314	65.5
13507	66.7
13704	67.8
13903	68.7
14105	69.2
14311	69.2
14519	68.7
14730	68.5
14944	68
15162	67.6
15382	67.1
15606	66.6
15833	65.9
16063	64.2
16297	63.3
16534	60.4
16774	59.3
17018	57
17266	54.7
17517	52.4
17772	50.1
18030	47.9
18293	44.4
18559	43.2
18829	41
19102	38.8
19380	36.7
20000	34.3
overall dB	94 dB
decay	Average
averaging	No Smoothing
source	Headset Mic 1 Low Range


saved	6/7/19, 5:11 PM
peak	19.0Hz
