
Frequency	dB	Unweighted
19.5	66.5
19.8	66.6
20.1	66.7
20.3	66.8
20.6	66.9
20.9	66.9
21.2	67
21.6	67.1
21.9	67.1
22.2	67.2
22.5	67.2
22.8	67.3
23.2	67.3
23.5	67.4
23.8	67.5
24.2	67.5
24.5	67.6
24.9	67.6
25.3	67.6
25.6	67.7
26	67.7
26.4	67.8
26.8	67.8
27.2	67.9
27.5	67.9
28	68
28.4	68
28.8	68.1
29.2	68.1
29.6	68.1
30	68.2
30.5	68.2
30.9	68.2
31.4	68.2
31.8	68.2
32.3	68.2
32.8	68.2
33.2	68.2
33.7	68.2
34.2	68.3
34.7	68.3
35.2	68.3
35.7	68.4
36.2	68.4
36.8	68.4
37.3	68.4
37.9	68.5
38.4	68.5
39	68.5
39.5	68.5
40.1	68.5
40.7	68.6
41.3	68.6
41.9	68.6
42.5	68.6
43.1	68.6
43.7	68.6
44.4	68.6
45	68.6
45.7	68.6
46.3	68.6
47	68.7
47.7	68.7
48.4	68.8
49.1	68.7
49.8	68.7
50.5	68.7
51.3	68.7
52	68.7
52.8	68.8
53.5	68.8
54.3	68.8
55.1	68.8
55.9	68.7
56.7	68.7
57.5	68.7
58.4	68.7
59.2	68.6
60.1	68.6
61	68.6
61.8	68.6
62.7	68.6
63.7	68.6
64.6	68.6
65.5	68.6
66.5	68.6
67.4	68.6
68.4	68.5
69.4	68.5
70.4	68.6
71.5	68.5
72.5	68.5
73.5	68.5
74.6	68.5
75.7	68.4
76.8	68.4
77.9	68.4
79.1	68.4
80.2	68.4
81.4	68.3
82.6	68.3
83.8	68.4
85	68.4
86.2	68.3
87.5	68.3
88.7	68.3
90	68.2
91.3	68.2
92.7	68.1
94	68.1
95.4	68.1
96.8	68.1
98.2	68.1
99.6	68
101	68
103	68
104	68
106	67.9
107	67.9
109	67.9
110	67.9
112	67.9
113	67.9
115	67.9
117	67.8
118	67.8
120	67.7
122	67.6
124	67.7
125	67.6
127	67.5
129	67.4
131	67.4
133	67.4
135	67.4
137	67.3
139	67.3
141	67.3
143	67.2
145	67.1
147	67
149	67
151	67
154	67
156	66.9
158	66.9
160	66.8
163	66.8
165	66.8
168	66.8
170	66.7
172	66.6
175	66.6
177	66.5
180	66.5
183	66.4
185	66.4
188	66.3
191	66.3
194	66.2
196	66.2
199	66.2
202	66.2
205	66.2
208	66
211	65.9
214	65.8
217	65.8
220	65.8
224	65.7
227	65.7
230	65.6
234	65.5
237	65.5
240	65.4
244	65.4
247	65.3
251	65.3
255	65.2
258	65.1
262	65
266	65
270	64.9
274	64.9
278	64.9
282	64.8
286	64.7
290	64.7
294	64.6
298	64.6
303	64.5
307	64.4
312	64.4
316	64.4
321	64.3
325	64.3
330	64.2
335	64.2
340	64.1
345	64.1
350	64
355	63.9
360	63.9
365	63.7
371	63.8
376	63.7
382	63.8
387	63.7
393	63.6
398	63.6
404	63.5
410	63.5
416	63.6
422	63.5
428	63.4
434	63.4
441	63.4
447	63.4
454	63.3
460	63.2
467	63.3
474	63.2
481	63.3
488	63.4
495	63.3
502	63.3
509	63.3
517	63.3
524	63.3
532	63.3
540	63.4
547	63.3
555	63.4
563	63.4
572	63.4
580	63.5
588	63.5
597	63.5
606	63.5
614	63.6
623	63.6
632	63.6
642	63.7
651	63.7
660	63.9
670	63.9
680	63.9
690	64
700	64.2
710	64.2
720	64.3
731	64.4
741	64.5
752	64.6
763	64.7
774	65
785	65.1
797	65.1
808	65.4
820	65.4
832	65.6
844	65.7
856	66.1
869	66.2
882	66.4
894	66.5
907	66.6
921	66.9
934	67
948	67.5
961	67.5
975	68
990	68.1
1004	68.2
1019	68.6
1033	68.7
1048	69.1
1064	69.2
1079	69.8
1095	70
1111	70.4
1127	70.5
1143	70.7
1160	71.1
1177	71.2
1194	71.7
1211	71.8
1229	72.2
1247	72.3
1265	72.4
1283	72.6
1302	72.7
1321	73.1
1340	73.2
1360	73.3
1379	73.4
1399	73.6
1420	73.6
1440	73.7
1461	73.9
1483	73.9
1504	74
1526	74.1
1548	74.2
1571	74.2
1594	74.3
1617	74.4
1640	74.4
1664	74.6
1688	74.6
1713	74.8
1738	74.8
1763	75
1789	75.1
1815	75.1
1841	75.4
1868	75.5
1895	75.7
1923	75.8
1951	76
1979	76.1
2008	76.4
2037	76.5
2067	76.6
2097	76.9
2127	76.9
2158	77.1
2190	77.2
2221	77.2
2254	77.3
2287	77.3
2320	77.4
2354	77.5
2388	77.6
2423	77.6
2458	77.7
2494	77.7
2530	77.6
2567	77.4
2604	77.3
2642	76.9
2680	76.8
2719	76.3
2759	76.1
2799	75.6
2840	75.2
2881	75
2923	74.4
2965	74.3
3008	73.8
3052	73.6
3097	73.1
3142	72.8
3187	72.5
3234	72.3
3281	72.1
3328	71.8
3377	71.7
3426	71.3
3476	71.2
3526	71
3578	71
3630	71
3682	71.7
3736	72
3790	73.1
3846	73.4
3901	73.4
3958	73.1
4016	72.7
4074	72.3
4133	72.2
4194	72.1
4255	72.1
4316	72.2
4379	72.3
4443	72.3
4508	72.4
4573	72.5
4640	72.7
4707	72.7
4776	72.7
4845	72.6
4916	72.1
4987	71.4
5060	70.5
5133	69.5
5208	69
5284	67.5
5360	67.1
5438	66
5518	65.5
5598	65.2
5679	65.1
5762	65.2
5846	65.5
5931	65.8
6017	66.9
6104	67.9
6193	69.1
6283	70.4
6375	71.6
6467	72.6
6561	73
6657	73.1
6754	72.8
6852	72.3
6952	71.8
7053	71.5
7155	71.3
7259	71.3
7365	71.4
7472	71.8
7581	72.3
7691	73
7803	73.6
7916	74.2
8032	74.2
8148	73.7
8267	73.3
8387	71.3
8509	69.9
8633	68.6
8758	67.3
8886	66.3
9015	65.3
9146	64.5
9279	63.8
9414	63.3
9551	62.9
9690	62.7
9831	62.6
9974	62.7
10119	63
10266	63.4
10416	64.2
10567	64.3
10721	64.4
10877	64
11035	63
11196	61.7
11358	60.4
11524	59.3
11691	58.5
11861	58.2
12034	58.4
12209	58.9
12386	59.2
12567	59
12749	58.6
12935	58
13123	57.3
13314	57.2
13507	57
13704	56.9
13903	56.9
14105	56.9
14311	57
14519	57.4
14730	57.6
14944	58
15162	58.6
15382	59.2
15606	59.7
15833	59.8
16063	58.9
16297	58.4
16534	57.1
16774	56.8
17018	56.2
17266	55.4
17517	54.8
17772	54.3
18030	53.9
18293	53.1
18559	53.2
18829	53.5
19102	54.2
19380	55
20000	53.2
overall dB	94 dB
decay	Average
averaging	No Smoothing
source	Headset Mic 1 Low Range


saved	27/11/19, 2:27 PM
peak	20.5Hz
