
Frequency	dB	Unweighted
19.5	71.6
19.8	71.6
20.1	71.7
20.3	71.7
20.6	71.7
20.9	71.8
21.2	71.8
21.6	71.9
21.9	71.9
22.2	71.9
22.5	71.9
22.8	71.9
23.2	71.9
23.5	72
23.8	72
24.2	72
24.5	72
24.9	72
25.3	72.1
25.6	72.1
26	72.2
26.4	72.2
26.8	72.2
27.2	72.2
27.5	72.2
28	72.2
28.4	72.2
28.8	72.2
29.2	72.2
29.6	72.2
30	72.2
30.5	72.2
30.9	72.2
31.4	72.2
31.8	72.3
32.3	72.3
32.8	72.3
33.2	72.4
33.7	72.4
34.2	72.4
34.7	72.4
35.2	72.4
35.7	72.4
36.2	72.4
36.8	72.4
37.3	72.4
37.9	72.4
38.4	72.3
39	72.3
39.5	72.3
40.1	72.3
40.7	72.2
41.3	72.3
41.9	72.2
42.5	72.2
43.1	72.2
43.7	72.1
44.4	72.1
45	72
45.7	72.1
46.3	72.2
47	72.3
47.7	72.3
48.4	72.3
49.1	72.2
49.8	72.2
50.5	72.2
51.3	72.2
52	72.1
52.8	72.1
53.5	72.1
54.3	72
55.1	72
55.9	72
56.7	71.9
57.5	72
58.4	72
59.2	71.9
60.1	71.9
61	71.9
61.8	71.8
62.7	71.8
63.7	71.8
64.6	71.8
65.5	71.8
66.5	71.7
67.4	71.7
68.4	71.6
69.4	71.6
70.4	71.6
71.5	71.7
72.5	71.7
73.5	71.7
74.6	71.6
75.7	71.5
76.8	71.5
77.9	71.5
79.1	71.4
80.2	71.3
81.4	71.3
82.6	71.3
83.8	71.3
85	71.3
86.2	71.2
87.5	71.2
88.7	71.1
90	71
91.3	71.1
92.7	71
94	71
95.4	71
96.8	70.9
98.2	70.8
99.6	70.7
101	70.7
103	70.7
104	70.6
106	70.6
107	70.6
109	70.5
110	70.4
112	70.4
113	70.4
115	70.3
117	70.2
118	70.1
120	70.2
122	70.1
124	70
125	70
127	69.9
129	69.8
131	69.7
133	69.6
135	69.6
137	69.6
139	69.6
141	69.5
143	69.4
145	69.3
147	69.2
149	69.1
151	69.1
154	69
156	68.9
158	68.9
160	68.9
163	68.7
165	68.6
168	68.6
170	68.4
172	68.4
175	68.3
177	68.3
180	68.2
183	68.1
185	68
188	68
191	67.9
194	67.8
196	67.7
199	67.7
202	67.6
205	67.5
208	67.4
211	67.3
214	67.2
217	67.1
220	67.1
224	67
227	66.9
230	66.8
234	66.8
237	66.5
240	66.4
244	66.3
247	66.3
251	66.1
255	66
258	65.9
262	65.9
266	65.8
270	65.7
274	65.6
278	65.4
282	65.4
286	65.3
290	65.2
294	65.1
298	64.9
303	64.9
307	64.7
312	64.7
316	64.6
321	64.4
325	64.4
330	64.2
335	64.2
340	64
345	63.9
350	63.8
355	63.7
360	63.6
365	63.4
371	63.4
376	63.3
382	63.2
387	63
393	63
398	62.9
404	62.8
410	62.7
416	62.5
422	62.5
428	62.4
434	62.3
441	62.2
447	62.1
454	62
460	61.9
467	61.9
474	61.7
481	61.6
488	61.5
495	61.5
502	61.4
509	61.3
517	61.2
524	61.1
532	61.1
540	60.9
547	60.9
555	60.8
563	60.8
572	60.7
580	60.6
588	60.6
597	60.5
606	60.5
614	60.4
623	60.3
632	60.3
642	60.3
651	60.3
660	60.2
670	60.2
680	60.2
690	60.2
700	60.1
710	60.1
720	60.1
731	60.1
741	60.1
752	60.2
763	60.2
774	60.2
785	60.3
797	60.3
808	60.4
820	60.5
832	60.6
844	60.6
856	60.9
869	61
882	61
894	61.1
907	61.2
921	61.4
934	61.5
948	61.9
961	61.9
975	62.3
990	62.4
1004	62.5
1019	62.9
1033	63
1048	63.5
1064	63.6
1079	64.2
1095	64.4
1111	64.9
1127	65.1
1143	65.3
1160	65.7
1177	65.9
1194	66.5
1211	66.7
1229	67.2
1247	67.3
1265	67.5
1283	68
1302	68.2
1321	69.1
1340	69.4
1360	69.8
1379	70
1399	70.5
1420	70.6
1440	70.6
1461	71
1483	71.1
1504	71.3
1526	71.4
1548	71.5
1571	71.5
1594	71.6
1617	72.3
1640	72.6
1664	73.5
1688	73.7
1713	73.9
1738	74
1763	74.1
1789	74.2
1815	74.2
1841	74.4
1868	74.4
1895	74.4
1923	74.5
1951	74.5
1979	74.6
2008	74.7
2037	74.7
2067	74.7
2097	74.7
2127	74.7
2158	74.7
2190	74.6
2221	74.4
2254	74.3
2287	74.2
2320	73.6
2354	73.4
2388	72.8
2423	72.6
2458	72.2
2494	72.1
2530	71.9
2567	71.8
2604	71.8
2642	71.8
2680	71.8
2719	71.7
2759	71.6
2799	71.5
2840	71.4
2881	71.4
2923	71.1
2965	71.1
3008	70.9
3052	70.9
3097	70.9
3142	70.9
3187	70.8
3234	70.7
3281	70.7
3328	70.5
3377	70.5
3426	70.4
3476	70.3
3526	70.2
3578	70.1
3630	70
3682	69.9
3736	69.8
3790	69.6
3846	69.4
3901	68.5
3958	67.7
4016	66.8
4074	65.9
4133	65.5
4194	64.9
4255	64.8
4316	65.1
4379	65.6
4443	66.2
4508	67
4573	67.8
4640	68.6
4707	69
4776	70.4
4845	71.3
4916	72.2
4987	73
5060	73.8
5133	74.3
5208	74.5
5284	74.4
5360	74.2
5438	73.1
5518	72.3
5598	71.6
5679	71.1
5762	70.6
5846	70.2
5931	70
6017	69.6
6104	69.5
6193	69.4
6283	69.4
6375	69.1
6467	68.5
6561	68.1
6657	66.1
6754	64.4
6852	62.8
6952	61.4
7053	60.3
7155	59.6
7259	59.5
7365	59.7
7472	60.3
7581	61.1
7691	62.1
7803	63.1
7916	63.9
8032	64
8148	63.5
8267	63.1
8387	61.5
8509	60.4
8633	59.3
8758	58.4
8886	57.4
9015	56.6
9146	56
9279	55.4
9414	54.5
9551	53.6
9690	52.7
9831	51.9
9974	51
10119	50.2
10266	49.5
10416	48.7
10567	48.6
10721	48.4
10877	48.6
11035	49
11196	49.6
11358	50.2
11524	50.6
11691	50.9
11861	50.9
12034	50.7
12209	50.6
12386	50.7
12567	50.9
12749	51.4
12935	52.2
13123	53.6
13314	54
13507	54.4
13704	54.1
13903	52.9
14105	51.1
14311	49.1
14519	46.5
14730	45.8
14944	44.1
15162	41.7
15382	40.1
15606	43.2
15833	48.6
16063	53.5
16297	54.6
16534	56.8
16774	57
17018	57
17266	56.5
17517	55.5
17772	54.5
18030	53.7
18293	51.1
18559	49.7
18829	49.6
19102	51.3
19380	50.2
20000	46.5
overall dB	93.7 dB
decay	Average
averaging	No Smoothing
source	Headset Mic 1 Low Range


saved	17/10/20, 11:48 PM
peak	19.0Hz
