
Frequency	dB	Unweighted
19.5	70
19.8	70.1
20.1	70.2
20.3	70.3
20.6	70.4
20.9	70.5
21.2	70.5
21.6	70.7
21.9	70.7
22.2	70.8
22.5	70.8
22.8	70.9
23.2	70.9
23.5	70.9
23.8	71
24.2	71
24.5	71
24.9	71
25.3	71.1
25.6	71.1
26	71.1
26.4	71.2
26.8	71.2
27.2	71.2
27.5	71.2
28	71.2
28.4	71.2
28.8	71.2
29.2	71.2
29.6	71.3
30	71.3
30.5	71.4
30.9	71.4
31.4	71.4
31.8	71.4
32.3	71.4
32.8	71.5
33.2	71.5
33.7	71.5
34.2	71.6
34.7	71.6
35.2	71.7
35.7	71.7
36.2	71.7
36.8	71.7
37.3	71.7
37.9	71.7
38.4	71.8
39	71.8
39.5	71.8
40.1	71.8
40.7	71.8
41.3	71.8
41.9	71.8
42.5	71.8
43.1	71.9
43.7	71.9
44.4	71.9
45	71.9
45.7	71.9
46.3	71.9
47	71.9
47.7	71.9
48.4	71.9
49.1	71.9
49.8	71.9
50.5	71.9
51.3	71.9
52	71.9
52.8	71.9
53.5	71.9
54.3	71.8
55.1	71.8
55.9	71.8
56.7	71.8
57.5	71.8
58.4	71.8
59.2	71.8
60.1	71.8
61	71.8
61.8	71.7
62.7	71.7
63.7	71.7
64.6	71.7
65.5	71.7
66.5	71.7
67.4	71.7
68.4	71.6
69.4	71.6
70.4	71.6
71.5	71.6
72.5	71.6
73.5	71.5
74.6	71.5
75.7	71.5
76.8	71.5
77.9	71.5
79.1	71.5
80.2	71.4
81.4	71.4
82.6	71.3
83.8	71.3
85	71.3
86.2	71.2
87.5	71.2
88.7	71.2
90	71.1
91.3	71.1
92.7	71
94	71.1
95.4	71.1
96.8	71
98.2	70.9
99.6	70.9
101	70.8
103	70.8
104	70.7
106	70.7
107	70.6
109	70.7
110	70.6
112	70.5
113	70.4
115	70.4
117	70.4
118	70.4
120	70.3
122	70.2
124	70.2
125	70.1
127	70
129	70
131	69.9
133	69.9
135	69.8
137	69.7
139	69.7
141	69.6
143	69.5
145	69.6
147	69.6
149	69.5
151	69.3
154	69.3
156	69.2
158	69.2
160	69
163	68.9
165	68.9
168	68.8
170	68.7
172	68.7
175	68.7
177	68.6
180	68.5
183	68.5
185	68.4
188	68.3
191	68.3
194	68.2
196	68.1
199	68.1
202	68.1
205	68
208	67.9
211	67.8
214	67.8
217	67.7
220	67.7
224	67.6
227	67.5
230	67.4
234	67.4
237	67.3
240	67.2
244	67.2
247	67.2
251	67.1
255	67
258	66.9
262	66.8
266	66.8
270	66.7
274	66.6
278	66.5
282	66.5
286	66.4
290	66.3
294	66.3
298	66.2
303	66.1
307	66.1
312	66
316	66
321	65.9
325	65.8
330	65.7
335	65.7
340	65.6
345	65.6
350	65.5
355	65.5
360	65.4
365	65.3
371	65.3
376	65.2
382	65.1
387	65
393	65
398	65
404	65
410	64.9
416	64.8
422	64.8
428	64.7
434	64.7
441	64.6
447	64.6
454	64.5
460	64.4
467	64.4
474	64.3
481	64.3
488	64.3
495	64.2
502	64.2
509	64.1
517	64.1
524	64
532	64
540	64
547	63.9
555	63.9
563	63.8
572	63.8
580	63.7
588	63.8
597	63.6
606	63.6
614	63.5
623	63.5
632	63.5
642	63.3
651	63.3
660	63.1
670	63.1
680	63.4
690	63.5
700	63.9
710	63.8
720	63.8
731	63.7
741	63.7
752	63.6
763	63.6
774	63.6
785	63.6
797	63.6
808	63.6
820	63.6
832	63.6
844	63.6
856	63.6
869	63.5
882	63.6
894	63.6
907	63.6
921	63.7
934	63.7
948	63.9
961	63.9
975	64.1
990	64.1
1004	64.1
1019	64.3
1033	64.4
1048	64.6
1064	64.7
1079	64.9
1095	65
1111	65.3
1127	65.4
1143	65.5
1160	65.7
1177	65.8
1194	66.2
1211	66.3
1229	66.6
1247	66.7
1265	66.8
1283	67.1
1302	67.2
1321	67.5
1340	67.6
1360	67.9
1379	68
1399	68.2
1420	68.3
1440	68.4
1461	68.8
1483	68.9
1504	69.2
1526	69.3
1548	69.5
1571	69.6
1594	69.7
1617	70
1640	70.2
1664	70.6
1688	70.7
1713	71
1738	71.2
1763	71.5
1789	71.6
1815	71.8
1841	72.3
1868	72.4
1895	72.8
1923	72.9
1951	73.4
1979	73.5
2008	73.9
2037	74.2
2067	74.3
2097	74.6
2127	74.7
2158	75
2190	75.1
2221	75.4
2254	75.4
2287	75.5
2320	75.5
2354	75.6
2388	75.5
2423	75.5
2458	75.4
2494	75.3
2530	75.1
2567	75
2604	74.9
2642	74.7
2680	74.7
2719	74.5
2759	74.4
2799	74.3
2840	74.2
2881	74.2
2923	74.1
2965	74.1
3008	74.1
3052	74.1
3097	74.1
3142	74.2
3187	74.3
3234	74.3
3281	74.3
3328	74.4
3377	74.4
3426	74.2
3476	74.1
3526	73.7
3578	73.3
3630	73
3682	72
3736	71.7
3790	70.4
3846	70
3901	68.7
3958	67.8
4016	67
4074	66.2
4133	65.8
4194	64.8
4255	64.5
4316	63.8
4379	63.5
4443	63.5
4508	63.6
4573	63.9
4640	64.3
4707	64.6
4776	65.7
4845	66.5
4916	67.3
4987	67.9
5060	68.4
5133	68.6
5208	68.6
5284	68.2
5360	68
5438	67.2
5518	66.6
5598	66
5679	65.6
5762	65.1
5846	64.7
5931	64.5
6017	64
6104	63.8
6193	63.6
6283	63.5
6375	63.5
6467	63.5
6561	63.5
6657	63.7
6754	63.9
6852	64.2
6952	64.6
7053	65
7155	65.6
7259	66.3
7365	67.1
7472	68.1
7581	69.3
7691	70.6
7803	71.9
7916	72.7
8032	72.8
8148	71.9
8267	71.2
8387	68.7
8509	67.1
8633	65.6
8758	64.4
8886	63.2
9015	62.2
9146	61.4
9279	60.7
9414	60.1
9551	59.6
9690	59.2
9831	58.9
9974	58.7
10119	58.6
10266	58.6
10416	58.7
10567	58.8
10721	59.1
10877	59.6
11035	60.1
11196	60.7
11358	61.4
11524	62.2
11691	62.9
11861	63.5
12034	64
12209	64.4
12386	64.8
12567	65
12749	65.1
12935	65.2
13123	65.3
13314	65.3
13507	65.3
13704	65.4
13903	65.3
14105	65.2
14311	64.8
14519	63.5
14730	62.7
14944	61
15162	59.1
15382	57.5
15606	55.9
15833	54.3
16063	52.2
16297	51.6
16534	50
16774	49.6
17018	49
17266	48.6
17517	48.4
17772	48.5
18030	49
18293	50.6
18559	51.4
18829	53.1
19102	54.2
19380	53.6
20000	53.4
overall dB	93.6 dB
decay	Average
averaging	No Smoothing
source	Headset Mic 1 Low Range


saved	20/10/18, 4:17 PM
peak	22.0Hz
