
Frequency	dB	Unweighted
19.5	66.4
19.8	66.5
20.1	66.6
20.3	66.6
20.6	66.7
20.9	66.8
21.2	66.8
21.6	67
21.9	67.1
22.2	67.3
22.5	67.3
22.8	67.5
23.2	67.6
23.5	67.7
23.8	67.8
24.2	67.9
24.5	67.9
24.9	67.9
25.3	67.9
25.6	67.9
26	67.8
26.4	67.8
26.8	67.8
27.2	67.8
27.5	67.8
28	67.9
28.4	67.9
28.8	68
29.2	68
29.6	68
30	68.1
30.5	68.1
30.9	68.2
31.4	68.2
31.8	68.2
32.3	68.2
32.8	68.3
33.2	68.4
33.7	68.4
34.2	68.5
34.7	68.5
35.2	68.6
35.7	68.6
36.2	68.7
36.8	68.7
37.3	68.7
37.9	68.7
38.4	68.7
39	68.7
39.5	68.7
40.1	68.7
40.7	68.7
41.3	68.8
41.9	68.8
42.5	68.8
43.1	68.8
43.7	68.8
44.4	68.8
45	68.7
45.7	68.6
46.3	68.6
47	68.6
47.7	68.8
48.4	68.8
49.1	68.9
49.8	68.9
50.5	69
51.3	69.1
52	69.1
52.8	69.1
53.5	69.1
54.3	69.1
55.1	69.1
55.9	69.2
56.7	69.2
57.5	69
58.4	68.9
59.2	69
60.1	69.1
61	69.1
61.8	69.1
62.7	69.1
63.7	69.1
64.6	69.1
65.5	69.1
66.5	69.1
67.4	69.1
68.4	69.1
69.4	69.1
70.4	69.2
71.5	69.3
72.5	69.3
73.5	69.3
74.6	69.3
75.7	69.2
76.8	69.3
77.9	69.3
79.1	69.3
80.2	69.3
81.4	69.3
82.6	69.3
83.8	69.3
85	69.3
86.2	69.4
87.5	69.4
88.7	69.3
90	69.3
91.3	69.4
92.7	69.4
94	69.3
95.4	69.3
96.8	69.3
98.2	69.3
99.6	69.3
101	69.4
103	69.4
104	69.4
106	69.4
107	69.4
109	69.4
110	69.4
112	69.4
113	69.4
115	69.4
117	69.4
118	69.4
120	69.4
122	69.5
124	69.4
125	69.4
127	69.3
129	69.3
131	69.4
133	69.5
135	69.5
137	69.5
139	69.5
141	69.4
143	69.4
145	69.4
147	69.5
149	69.5
151	69.5
154	69.5
156	69.5
158	69.6
160	69.5
163	69.5
165	69.5
168	69.5
170	69.5
172	69.5
175	69.5
177	69.5
180	69.5
183	69.5
185	69.6
188	69.5
191	69.5
194	69.6
196	69.6
199	69.5
202	69.5
205	69.5
208	69.5
211	69.5
214	69.5
217	69.5
220	69.5
224	69.5
227	69.5
230	69.5
234	69.5
237	69.5
240	69.5
244	69.5
247	69.4
251	69.5
255	69.5
258	69.5
262	69.4
266	69.4
270	69.4
274	69.4
278	69.4
282	69.4
286	69.3
290	69.3
294	69.3
298	69.3
303	69.3
307	69.3
312	69.3
316	69.2
321	69.2
325	69.2
330	69.2
335	69.2
340	69.2
345	69.2
350	69.2
355	69.1
360	69.1
365	69.2
371	69.1
376	69.1
382	69.1
387	69.1
393	69
398	69
404	69
410	68.9
416	68.8
422	68.8
428	68.9
434	68.8
441	68.8
447	68.7
454	68.7
460	68.7
467	68.7
474	68.8
481	68.6
488	68.5
495	68.4
502	68.4
509	68.3
517	68.3
524	68.2
532	68.2
540	68.1
547	68.1
555	68.1
563	68
572	68
580	67.9
588	67.9
597	67.8
606	67.7
614	67.6
623	67.5
632	67.5
642	67.5
651	67.5
660	67.4
670	67.4
680	67.3
690	67.3
700	67.2
710	67.2
720	67.1
731	67
741	67
752	66.9
763	66.9
774	66.9
785	66.8
797	66.8
808	66.8
820	66.8
832	66.7
844	66.7
856	66.7
869	66.7
882	66.7
894	66.7
907	66.7
921	66.7
934	66.7
948	66.8
961	66.9
975	67
990	67
1004	67
1019	67.2
1033	67.2
1048	67.4
1064	67.4
1079	67.7
1095	67.7
1111	68
1127	68
1143	68.1
1160	68.4
1177	68.4
1194	68.8
1211	68.9
1229	69.1
1247	69.2
1265	69.3
1283	69.5
1302	69.6
1321	69.9
1340	69.9
1360	70.1
1379	70.2
1399	70.3
1420	70.4
1440	70.4
1461	70.7
1483	70.7
1504	70.9
1526	70.9
1548	71.1
1571	71.2
1594	71.2
1617	71.4
1640	71.5
1664	71.7
1688	71.7
1713	71.9
1738	71.9
1763	72
1789	72.1
1815	72.1
1841	72.3
1868	72.3
1895	72.4
1923	72.4
1951	72.5
1979	72.5
2008	72.5
2037	72.5
2067	72.5
2097	72.5
2127	72.5
2158	72.5
2190	72.5
2221	72.4
2254	72.4
2287	72.4
2320	72.3
2354	72.2
2388	72.1
2423	72
2458	71.9
2494	71.9
2530	71.7
2567	71.5
2604	71.5
2642	71.3
2680	71.2
2719	71
2759	70.9
2799	70.7
2840	70.5
2881	70.4
2923	70.2
2965	70.1
3008	69.9
3052	69.8
3097	69.5
3142	69.4
3187	69.2
3234	69.1
3281	69
3328	68.8
3377	68.7
3426	68.5
3476	68.5
3526	68.3
3578	68.2
3630	68.2
3682	68.1
3736	68.1
3790	68.1
3846	68.1
3901	68.1
3958	68.1
4016	68.2
4074	68.3
4133	68.3
4194	68.5
4255	68.5
4316	68.8
4379	69
4443	69.2
4508	69.5
4573	69.8
4640	70.2
4707	70.4
4776	71.1
4845	71.6
4916	72.2
4987	72.9
5060	73.6
5133	74.4
5208	74.8
5284	76.2
5360	76.7
5438	78.2
5518	79
5598	79.4
5679	79.4
5762	78.9
5846	78
5931	77.5
6017	76
6104	75.1
6193	74.2
6283	73.4
6375	72.7
6467	72.1
6561	71.8
6657	71.2
6754	70.9
6852	70.7
6952	70.5
7053	70.5
7155	70.6
7259	70.7
7365	71
7472	71.5
7581	72
7691	72.6
7803	73.2
7916	73.6
8032	73.7
8148	73.2
8267	72.8
8387	70.7
8509	69.1
8633	67.5
8758	66
8886	64.6
9015	63.3
9146	62.2
9279	61.1
9414	60.1
9551	59.2
9690	58.5
9831	57.8
9974	57.2
10119	56.8
10266	56.4
10416	56
10567	55.9
10721	55.8
10877	55.8
11035	56
11196	56.3
11358	56.8
11524	57.4
11691	58.2
11861	59
12034	59.6
12209	60
12386	60
12567	59.8
12749	59.4
12935	58.8
13123	57.5
13314	57
13507	55.9
13704	54.7
13903	53.4
14105	52
14311	50.7
14519	48.7
14730	48.1
14944	46.9
15162	45.8
15382	44.7
15606	43.7
15833	42.4
16063	39.5
16297	37.4
16534	26.4
16774	27.9
17018	32.7
17266	38.1
17517	41.4
17772	43.5
18030	45
18293	46.9
18559	47.5
18829	48.6
19102	49
19380	48.1
20000	45.3
overall dB	93.6 dB
decay	Average
averaging	No Smoothing
source	Headset Mic 1 Low Range


saved	30/11/19, 2:56 PM
peak	23.4Hz
