
Frequency	dB	Unweighted
19.5	69.4
19.8	69.4
20.1	69.6
20.3	69.7
20.6	69.8
20.9	69.9
21.2	69.9
21.6	70.1
21.9	70.1
22.2	70.2
22.5	70.2
22.8	70.3
23.2	70.4
23.5	70.4
23.8	70.5
24.2	70.5
24.5	70.6
24.9	70.7
25.3	70.7
25.6	70.8
26	70.8
26.4	70.8
26.8	70.8
27.2	70.9
27.5	70.9
28	70.9
28.4	70.9
28.8	71
29.2	71
29.6	71.1
30	71.1
30.5	71.1
30.9	71.2
31.4	71.2
31.8	71.2
32.3	71.2
32.8	71.3
33.2	71.4
33.7	71.4
34.2	71.4
34.7	71.4
35.2	71.5
35.7	71.5
36.2	71.5
36.8	71.6
37.3	71.6
37.9	71.6
38.4	71.6
39	71.7
39.5	71.7
40.1	71.7
40.7	71.8
41.3	71.8
41.9	71.8
42.5	71.8
43.1	71.7
43.7	71.7
44.4	71.6
45	71.6
45.7	71.7
46.3	71.7
47	71.8
47.7	71.8
48.4	71.8
49.1	71.8
49.8	71.8
50.5	71.8
51.3	71.8
52	71.8
52.8	71.7
53.5	71.7
54.3	71.7
55.1	71.7
55.9	71.7
56.7	71.7
57.5	71.7
58.4	71.7
59.2	71.7
60.1	71.6
61	71.5
61.8	71.5
62.7	71.5
63.7	71.5
64.6	71.5
65.5	71.5
66.5	71.5
67.4	71.5
68.4	71.5
69.4	71.4
70.4	71.4
71.5	71.3
72.5	71.3
73.5	71.3
74.6	71.3
75.7	71.2
76.8	71.2
77.9	71.2
79.1	71.1
80.2	71.1
81.4	71.1
82.6	71
83.8	71.1
85	71.1
86.2	71
87.5	70.9
88.7	70.8
90	70.7
91.3	70.7
92.7	70.7
94	70.7
95.4	70.7
96.8	70.6
98.2	70.5
99.6	70.5
101	70.4
103	70.4
104	70.4
106	70.4
107	70.3
109	70.3
110	70.2
112	70.1
113	70.1
115	70.1
117	70
118	69.9
120	69.9
122	69.9
124	69.9
125	69.8
127	69.7
129	69.6
131	69.6
133	69.5
135	69.5
137	69.4
139	69.4
141	69.4
143	69.3
145	69.2
147	69.1
149	69.1
151	69
154	69
156	68.9
158	68.9
160	68.9
163	68.8
165	68.8
168	68.7
170	68.6
172	68.6
175	68.5
177	68.5
180	68.4
183	68.4
185	68.3
188	68.3
191	68.3
194	68.2
196	68.2
199	68.2
202	68.1
205	68
208	68
211	68
214	67.9
217	67.8
220	67.7
224	67.7
227	67.7
230	67.7
234	67.6
237	67.6
240	67.5
244	67.4
247	67.4
251	67.4
255	67.3
258	67.3
262	67.3
266	67.2
270	67.1
274	67.1
278	67.1
282	67
286	67
290	67
294	66.9
298	66.9
303	66.9
307	66.8
312	66.8
316	66.8
321	66.7
325	66.6
330	66.6
335	66.6
340	66.6
345	66.6
350	66.5
355	66.5
360	66.4
365	66.4
371	66.4
376	66.4
382	66.3
387	66.2
393	66.3
398	66.3
404	66.2
410	66.2
416	66.2
422	66.2
428	66.1
434	66.1
441	66.1
447	66.1
454	66
460	66
467	66
474	66
481	66
488	65.9
495	65.9
502	66
509	65.9
517	65.9
524	65.9
532	65.9
540	65.9
547	65.9
555	65.9
563	65.9
572	65.9
580	65.9
588	65.9
597	65.9
606	65.9
614	65.8
623	65.8
632	65.9
642	65.8
651	65.9
660	65.9
670	65.9
680	65.8
690	65.9
700	65.9
710	65.9
720	65.9
731	65.9
741	65.9
752	66
763	66
774	66
785	66
797	66
808	66
820	66.1
832	66.1
844	66.1
856	66.2
869	66.3
882	66.3
894	66.3
907	66.4
921	66.5
934	66.5
948	66.6
961	66.7
975	66.8
990	66.9
1004	66.9
1019	67.1
1033	67.2
1048	67.4
1064	67.5
1079	67.8
1095	67.9
1111	68.1
1127	68.2
1143	68.3
1160	68.5
1177	68.6
1194	69
1211	69.1
1229	69.4
1247	69.5
1265	69.6
1283	69.8
1302	69.9
1321	70.2
1340	70.3
1360	70.5
1379	70.5
1399	70.7
1420	70.7
1440	70.8
1461	71
1483	71
1504	71.1
1526	71.2
1548	71.3
1571	71.3
1594	71.3
1617	71.4
1640	71.4
1664	71.5
1688	71.5
1713	71.6
1738	71.6
1763	71.7
1789	71.7
1815	71.7
1841	71.8
1868	71.9
1895	71.9
1923	71.9
1951	72
1979	72
2008	72.1
2037	72.1
2067	72.1
2097	72.2
2127	72.2
2158	72.3
2190	72.3
2221	72.3
2254	72.4
2287	72.4
2320	72.4
2354	72.4
2388	72.4
2423	72.4
2458	72.4
2494	72.4
2530	72.3
2567	72.3
2604	72.3
2642	72.2
2680	72.2
2719	72.1
2759	72.1
2799	72
2840	71.9
2881	71.9
2923	71.8
2965	71.8
3008	71.7
3052	71.6
3097	71.6
3142	71.5
3187	71.5
3234	71.4
3281	71.4
3328	71.2
3377	71.2
3426	70.9
3476	70.7
3526	70
3578	69.3
3630	68.8
3682	67.2
3736	66.6
3790	64.5
3846	63.8
3901	62.2
3958	61.8
4016	62
4074	62.6
4133	63
4194	64.4
4255	64.8
4316	66
4379	66.8
4443	67.4
4508	68
4573	68.6
4640	69.1
4707	69.4
4776	70.2
4845	70.8
4916	71.4
4987	72
5060	72.6
5133	73.3
5208	73.7
5284	74.8
5360	75.2
5438	76.3
5518	76.9
5598	77.4
5679	77.7
5762	77.6
5846	77.4
5931	77.1
6017	76.2
6104	75.4
6193	74.5
6283	73.5
6375	72.7
6467	72.1
6561	71.9
6657	71.6
6754	71.3
6852	71
6952	70.7
7053	70.6
7155	70.6
7259	70.7
7365	70.8
7472	70.9
7581	71.1
7691	71.2
7803	71.3
7916	71.4
8032	71.2
8148	71
8267	70.8
8387	69.9
8509	69.1
8633	68.2
8758	67.2
8886	66.3
9015	65.4
9146	64.5
9279	63.6
9414	62.8
9551	62
9690	61.3
9831	60.6
9974	60
10119	59.5
10266	59
10416	58.4
10567	58.2
10721	57.8
10877	57.5
11035	57.2
11196	56.9
11358	56.6
11524	56.4
11691	56.2
11861	56.1
12034	56.1
12209	56.3
12386	56.5
12567	56.8
12749	57.2
12935	57.5
13123	57.9
13314	58
13507	58.1
13704	58.1
13903	58
14105	57.9
14311	57.7
14519	57.7
14730	57.7
14944	57.5
15162	57.2
15382	56.9
15606	56.6
15833	56.5
16063	56.4
16297	56.4
16534	56.4
16774	56.3
17018	56.2
17266	56.1
17517	56
17772	55.9
18030	55.8
18293	55.6
18559	55.3
18829	54.8
19102	53.8
19380	52.1
20000	49.4
overall dB	93.8 dB
decay	Average
averaging	No Smoothing
source	Headset Mic 1 Low Range


saved	22/12/19, 4:25 PM
peak	20.5Hz
