

19.5	62.96
19.8	62.96
20.1	62.96
20.3	63.118
20.6	63.322
20.9	63.443
21.2	63.575
21.6	63.716
21.9	63.8095
22.2	63.994
22.5	63.979
22.8	64.071
23.2	64.1205
23.5	64.306
23.8	64.4535
24.2	64.491
24.5	64.656
24.9	64.7035
25.3	64.752
25.6	64.989
26	64.829
26.4	65.1485
26.8	65.204
27.2	65.3435
27.5	65.391
28	65.596
28.4	65.7825
28.8	65.934
29.2	65.975
29.6	66.051
30	66.272
30.5	66.28
30.9	66.4205
31.4	66.5485
31.8	66.614
32.3	66.6635
32.8	66.769
33.2	66.8895
33.7	66.934
34.2	67.0135
34.7	66.989
35.2	67.147
35.7	67.1705
36.2	67.3107
36.8	67.461
37.3	67.588
37.9	67.6885
38.4	67.725
39	67.818
39.5	67.8753
40.1	67.9795
40.7	68.005
41.3	68.1077
41.9	68.165
42.5	68.252
43.1	68.243
43.7	68.3363
44.4	68.4525
45	68.4913
45.7	68.5945
46.3	68.6343
47	68.734
47.7	68.847
48.4	68.8755
49.1	68.8953
49.8	68.9157
50.5	69.018
51.3	69.0617
52	69.1487
52.8	69.1023
53.5	69.1823
54.3	69.22
55.1	69.3097
55.9	69.4258
56.7	69.4637
57.5	69.5563
58.4	69.5727
59.2	69.5153
60.1	69.5765
61	69.5333
61.8	69.6225
62.7	69.6407
63.7	69.6598
64.6	69.769
65.5	69.869
66.5	69.8868
67.4	69.8945
68.4	69.8945
69.4	69.8317
70.4	69.9073
71.5	69.9288
72.5	69.9504
73.5	70.0247
74.6	69.9707
75.7	70.0488
76.8	70.064
77.9	70.0747
79.1	70.1698
80.2	70.2816
81.4	70.2773
82.6	70.126
83.8	70.0878
85	70.012
86.2	70.0008
87.5	70.019
88.7	70.104
90	70.1174
91.3	70.1184
92.7	70.1412
94	70.299
95.4	70.242
96.8	70.2282
98.2	70.2292
99.6	70.2343
101	70.2315
103	70.231
104	70.2317
106	70.2322
107	70.2208
109	70.1472
110	70.1265
112	70.1244
113	70.1022
115	70.0274
117	70.0236
118	70.1203
120	70.1001
122	70.0231
124	69.997
125	69.9023
127	69.8974
129	69.8991
131	69.8836
133	69.8014
135	69.7765
137	69.7728
139	69.7662
141	69.79
143	69.7936
145	69.713
147	69.6854
149	69.6051
151	69.5993
154	69.6008
156	69.5961
158	69.4926
160	69.3988
163	69.3974
165	69.4023
168	69.4007
170	69.317
172	69.302
175	69.291
177	69.2023
180	69.2007
183	69.1957
185	69.122
188	69.1895
191	69.205
194	69.1952
196	69.0127
199	68.9973
202	69.0021
205	68.9899
208	68.8973
211	68.7938
214	68.7059
217	68.7005
220	68.6898
224	68.6144
227	68.5086
230	68.395
234	68.316
237	68.3739
240	68.3037
244	68.3086
247	68.3828
251	68.3021
255	68.2121
258	68.1987
262	68.2035
266	68.1842
270	68.0251
274	67.9964
278	67.9964
282	67.9086
286	67.8015
290	67.7103
294	67.6842
298	67.6064
303	67.5887
307	67.5069
312	67.4975
316	67.5
321	67.5032
325	67.4688
330	67.3145
335	67.2875
340	67.2111
345	67.198
350	67.2
355	67.2019
360	67.1904
365	67.0966
371	67.0101
376	66.9983
382	67.0014
387	66.9901
393	66.9117
398	66.9009
404	66.8904
410	66.7957
416	66.7176
422	66.7917
428	66.7889
434	66.7056
441	66.6979
447	66.702
454	66.6928
460	66.6088
467	66.598
474	66.6
481	66.6
488	66.6015
495	66.5918
502	66.5101
509	66.4983
517	66.5
524	66.5
532	66.5
540	66.5
547	66.5
555	66.5
563	66.5
572	66.5
580	66.5
588	66.502
597	66.4888
606	66.4202
614	66.4912
623	66.4997
632	66.5139
642	66.5814
651	66.5119
660	66.4983
670	66.4982
680	66.5081
690	66.5881
700	66.602
710	66.5982
720	66.6102
731	66.6889
741	66.7017
752	66.6981
763	66.7103
774	66.7913
785	66.7995
797	66.8095
808	66.89
820	66.9124
832	66.9891
844	67.0128
856	67.0906
869	67.1105
882	67.1865
894	67.2113
907	67.3025
921	67.388
934	67.4212
948	67.5752
961	67.6261
975	67.7821
990	67.8088
1004	67.9053
1019	68.0859
1033	68.2018
1048	68.3084
1064	68.5049
1079	68.781
1095	68.9111
1111	69.0877
1127	69.2002
1143	69.3124
1160	69.4853
1177	69.6288
1194	69.9689
1211	70.1175
1229	70.2907
1247	70.3994
1265	70.51
1283	70.6909
1302	70.8114
1321	70.9877
1340	71.1136
1360	71.2777
1379	71.3252
1399	71.4815
1420	71.5115
1440	71.6004
1461	71.7014
1483	71.8005
1504	71.8905
1526	71.9119
1548	71.9911
1571	72.0001
1594	72.0071
1617	72.0994
1640	72.191
1664	72.2104
1688	72.3019
1713	72.3906
1738	72.4113
1763	72.4905
1789	72.5001
1815	72.5077
1841	72.5988
1868	72.7024
1895	72.7908
1923	72.8109
1951	72.888
1979	72.9098
2008	72.9996
2037	73.0905
2067	73.111
2097	73.1881
2127	73.2119
2158	73.289
2190	73.3111
2221	73.3909
2254	73.4019
2287	73.4
2320	73.4
2354	73.4
2388	73.4018
2423	73.3926
2458	73.3025
2494	73.201
2530	73.0988
2567	73.0117
2604	72.9808
2642	72.8137
2680	72.6859
2719	72.5223
2759	72.4703
2799	72.2222
2840	72.0987
2881	71.9906
2923	71.81
2965	71.6974
3008	71.599
3052	71.4977
3097	71.408
3142	71.3981
3187	71.4
3234	71.3964
3281	71.4171
3328	71.5896
3377	71.702
3426	71.8056
3476	71.8819
3526	71.6749
3578	71.2517
3630	70.8871
3682	69.7067
3736	68.972
3790	67.616
3846	67.0268
3901	66.2635
3958	66.1051
4016	66.3114
4074	66.6807
4133	67.055
4194	67.731
4255	68.0596
4316	68.7794
4379	69.3997
4443	69.8919
4508	70.3057
4573	70.8142
4640	71.3541
4707	71.6679
4776	72.4601
4845	73.1034
4916	73.705
4987	74.396
5060	75.1118
5133	75.8549
5208	76.3739
5284	77.3211
5360	77.8674
5438	78.6522
5518	79.0003
5598	79.0819
5679	78.9024
5762	78.5733
5846	78.0411
5931	77.6458
6017	76.827
6104	76.0915
6193	75.4088
6283	74.7762
6375	74.0143
6467	73.42
6561	73.078
6657	72.7312
6754	72.6986
6852	72.8024
6952	73.0111
7053	73.4017
7155	73.9118
7259	74.4864
7365	74.9017
7472	75.186
7581	75.1798
7691	74.7868
7803	74.0907
7916	73.1943
8032	72.1852
8148	71.1563
8267	70.4006
8387	68.9604
8509	67.8947
8633	66.9936
8758	66.1129
8886	65.3938
9015	64.7046
9146	64.1043
9279	63.5962
9414	63.0985
9551	62.5971
9690	62.1087
9831	61.6858
9974	61.2148
10119	60.9055
10266	60.6862
10416	60.4212
10567	60.2804
10721	60.0054
10877	59.6939
11035	59.2957
11196	58.7947
11358	58.1987
11524	57.6081
11691	57.0972
11861	56.5971
12034	56.1043
12209	55.7083
12386	55.5159
12567	55.6064
12749	55.9055
12935	56.4382
13123	57.2442
13314	57.6229
13507	57.9835
13704	58.2021
13903	58.4101
14105	58.6892
14311	58.915
14519	59.1711
14730	59.2212
14944	59.3985
15162	59.594
15382	59.6959
15606	59.6958
15833	59.5921
16063	59.4112
16297	59.2867
16534	59.1174
16774	59.0982
17018	59.0939
17266	58.9976
17517	58.786
17772	58.398
18030	58.023
18293	57.8945
18559	57.8
18829	57.6964
19102	57.6156
19380	57.6908
20000	57.7647
