
Frequency	dB	Unweighted
19.5	74.1
19.8	74.2
20.1	74.2
20.3	74.2
20.6	74.3
20.9	74.3
21.2	74.3
21.6	74.3
21.9	74.3
22.2	74.2
22.5	74.2
22.8	74.1
23.2	74.1
23.5	74.1
23.8	74
24.2	74
24.5	74
24.9	74
25.3	74.1
25.6	74.1
26	74.1
26.4	74.2
26.8	74.2
27.2	74.2
27.5	74.2
28	74.2
28.4	74.2
28.8	74.1
29.2	74.1
29.6	74.1
30	74
30.5	74
30.9	73.9
31.4	73.8
31.8	73.7
32.3	73.6
32.8	73.6
33.2	73.6
33.7	73.6
34.2	73.6
34.7	73.6
35.2	73.5
35.7	73.5
36.2	73.4
36.8	73.4
37.3	73.3
37.9	73.3
38.4	73.2
39	73.1
39.5	73.1
40.1	73
40.7	73
41.3	73
41.9	72.9
42.5	72.9
43.1	72.7
43.7	72.6
44.4	72.4
45	72.4
45.7	72.5
46.3	72.6
47	72.6
47.7	72.6
48.4	72.6
49.1	72.4
49.8	72.3
50.5	72.2
51.3	72.1
52	72.1
52.8	72
53.5	72
54.3	72
55.1	72
55.9	71.9
56.7	71.8
57.5	71.6
58.4	71.5
59.2	71.4
60.1	71.3
61	71.3
61.8	71.2
62.7	71.2
63.7	71.1
64.6	71
65.5	71
66.5	70.8
67.4	70.7
68.4	70.6
69.4	70.6
70.4	70.6
71.5	70.6
72.5	70.5
73.5	70.4
74.6	70.3
75.7	70.2
76.8	70.2
77.9	70.1
79.1	70
80.2	69.9
81.4	69.8
82.6	69.8
83.8	69.7
85	69.7
86.2	69.6
87.5	69.6
88.7	69.5
90	69.4
91.3	69.3
92.7	69.3
94	69.2
95.4	69.1
96.8	69.1
98.2	69
99.6	68.9
101	68.8
103	68.8
104	68.6
106	68.5
107	68.5
109	68.5
110	68.4
112	68.3
113	68.3
115	68.2
117	68.2
118	68.1
120	68
122	67.9
124	67.8
125	67.8
127	67.7
129	67.6
131	67.5
133	67.4
135	67.4
137	67.4
139	67.3
141	67.3
143	67.2
145	67.1
147	67.1
149	67
151	67
154	66.9
156	66.9
158	66.8
160	66.7
163	66.6
165	66.6
168	66.6
170	66.6
172	66.5
175	66.4
177	66.4
180	66.4
183	66.4
185	66.4
188	66.3
191	66.2
194	66.1
196	66.1
199	66.1
202	66.1
205	66.1
208	66
211	65.8
214	65.8
217	65.8
220	65.8
224	65.8
227	65.8
230	65.8
234	65.7
237	65.7
240	65.7
244	65.7
247	65.7
251	65.6
255	65.6
258	65.6
262	65.6
266	65.6
270	65.5
274	65.6
278	65.6
282	65.6
286	65.5
290	65.5
294	65.5
298	65.5
303	65.5
307	65.5
312	65.4
316	65.4
321	65.3
325	65.1
330	64.4
335	63.9
340	65
345	65.3
350	65.6
355	65.6
360	65.5
365	65.4
371	65.4
376	65.3
382	65.4
387	65.3
393	65.2
398	65.1
404	64.8
410	64.6
416	63.5
422	63.4
428	64.3
434	64.6
441	64.9
447	65.2
454	65.5
460	65.8
467	65.8
474	65.8
481	65.7
488	65.7
495	65.7
502	65.7
509	65.7
517	65.6
524	65.8
532	65.8
540	65.7
547	65.7
555	65.7
563	65.8
572	65.8
580	65.9
588	65.9
597	65.8
606	65.9
614	65.9
623	65.9
632	65.8
642	65.8
651	65.9
660	65.8
670	65.8
680	65.8
690	65.8
700	65.7
710	65.7
720	65.7
731	65.8
741	65.8
752	65.9
763	65.9
774	65.9
785	65.9
797	65.9
808	65.9
820	65.9
832	65.8
844	65.8
856	65.8
869	65.8
882	65.8
894	65.7
907	65.8
921	65.8
934	65.8
948	65.9
961	65.9
975	66
990	66
1004	66
1019	66.1
1033	66.1
1048	66.2
1064	66.2
1079	66.5
1095	66.6
1111	66.7
1127	66.8
1143	66.8
1160	67
1177	67
1194	67.2
1211	67.3
1229	67.5
1247	67.6
1265	67.6
1283	67.8
1302	67.8
1321	68
1340	68.1
1360	68.2
1379	68.2
1399	68.3
1420	68.3
1440	68.3
1461	68.5
1483	68.5
1504	68.6
1526	68.6
1548	68.6
1571	68.6
1594	68.7
1617	68.7
1640	68.7
1664	68.8
1688	68.9
1713	68.9
1738	68.9
1763	69
1789	69
1815	69
1841	69.1
1868	69.2
1895	69.2
1923	69.2
1951	69.3
1979	69.3
2008	69.4
2037	69.4
2067	69.4
2097	69.5
2127	69.5
2158	69.6
2190	69.6
2221	69.6
2254	69.7
2287	69.7
2320	69.7
2354	69.7
2388	69.7
2423	69.7
2458	69.7
2494	69.7
2530	69.6
2567	69.6
2604	69.6
2642	69.5
2680	69.5
2719	69.4
2759	69.3
2799	69.2
2840	69.1
2881	69.1
2923	68.9
2965	68.9
3008	68.7
3052	68.6
3097	68.5
3142	68.3
3187	68.2
3234	68.1
3281	68.1
3328	68
3377	67.9
3426	67.8
3476	67.8
3526	67.7
3578	67.7
3630	67.7
3682	67.7
3736	67.7
3790	67.8
3846	67.8
3901	68
3958	68.1
4016	68.3
4074	68.6
4133	68.7
4194	68.9
4255	68.8
4316	68.5
4379	69.1
4443	69.8
4508	70.5
4573	71.1
4640	71.6
4707	71.8
4776	72.3
4845	72.4
4916	72.5
4987	72.6
5060	72.8
5133	73.1
5208	73.2
5284	73.9
5360	74.1
5438	74.8
5518	75.3
5598	75.7
5679	76.1
5762	76.4
5846	76.6
5931	76.7
6017	76.4
6104	76
6193	75.7
6283	75.4
6375	75
6467	74.8
6561	74.8
6657	74.7
6754	74.6
6852	74.4
6952	74.1
7053	73.8
7155	73.3
7259	72.8
7365	72.3
7472	72
7581	71.5
7691	71
7803	70.5
7916	70
8032	69.4
8148	68.9
8267	68.6
8387	67.7
8509	67.1
8633	66.5
8758	65.9
8886	65.4
9015	65
9146	64.5
9279	64.1
9414	63.7
9551	63.2
9690	62.8
9831	62.3
9974	61.8
10119	61.3
10266	60.9
10416	60.4
10567	60.3
10721	60.4
10877	60.4
11035	60.4
11196	60.4
11358	60.3
11524	60.2
11691	60.1
11861	60
12034	59.7
12209	59.2
12386	58.9
12567	59.1
12749	59.6
12935	60.2
13123	61.2
13314	61.5
13507	62.1
13704	62.6
13903	63
14105	63.2
14311	63.1
14519	62.5
14730	62.7
14944	63.3
15162	63.6
15382	63.1
15606	61.9
15833	60.4
16063	58
16297	57.2
16534	54.9
16774	54.1
17018	53.1
17266	54
17517	55.8
17772	56.3
18030	56.2
18293	56.1
18559	55.8
18829	54.7
19102	52.4
19380	50.2
20000	48.8
overall dB	94.2 dB
decay	Average
averaging	No Smoothing
source	Headset Mic 1 Low Range


saved	27/2/22, 10:23 PM
peak	19.0Hz
