
Frequency	dB	Unweighted
19.5	71.4
19.8	71.5
20.1	71.5
20.3	71.6
20.6	71.6
20.9	71.6
21.2	71.7
21.6	71.7
21.9	71.7
22.2	71.8
22.5	71.8
22.8	71.8
23.2	71.8
23.5	71.8
23.8	71.8
24.2	71.8
24.5	71.8
24.9	71.8
25.3	71.9
25.6	71.9
26	71.9
26.4	71.9
26.8	71.9
27.2	71.9
27.5	71.9
28	71.9
28.4	71.9
28.8	71.8
29.2	71.8
29.6	71.8
30	71.7
30.5	71.7
30.9	71.7
31.4	71.7
31.8	71.6
32.3	71.6
32.8	71.7
33.2	71.7
33.7	71.7
34.2	71.8
34.7	71.8
35.2	71.7
35.7	71.7
36.2	71.7
36.8	71.7
37.3	71.6
37.9	71.7
38.4	71.7
39	71.7
39.5	71.7
40.1	71.7
40.7	71.7
41.3	71.6
41.9	71.6
42.5	71.6
43.1	71.5
43.7	71.4
44.4	71.4
45	71.4
45.7	71.4
46.3	71.4
47	71.4
47.7	71.4
48.4	71.4
49.1	71.3
49.8	71.3
50.5	71.3
51.3	71.3
52	71.2
52.8	71.1
53.5	71.1
54.3	71.1
55.1	71.1
55.9	71
56.7	71
57.5	70.9
58.4	70.9
59.2	70.9
60.1	70.8
61	70.8
61.8	70.8
62.7	70.7
63.7	70.8
64.6	70.8
65.5	70.7
66.5	70.6
67.4	70.6
68.4	70.4
69.4	70.4
70.4	70.4
71.5	70.4
72.5	70.4
73.5	70.4
74.6	70.4
75.7	70.3
76.8	70.3
77.9	70.2
79.1	70.1
80.2	70
81.4	70
82.6	70
83.8	69.9
85	69.9
86.2	69.8
87.5	69.8
88.7	69.8
90	69.8
91.3	69.7
92.7	69.7
94	69.6
95.4	69.6
96.8	69.6
98.2	69.5
99.6	69.4
101	69.3
103	69.3
104	69.2
106	69.2
107	69.1
109	69.1
110	69.1
112	69
113	69
115	68.9
117	68.8
118	68.8
120	68.8
122	68.7
124	68.6
125	68.6
127	68.6
129	68.5
131	68.5
133	68.5
135	68.4
137	68.3
139	68.3
141	68.3
143	68.2
145	68.2
147	68.1
149	68.1
151	68
154	68
156	67.9
158	67.8
160	67.8
163	67.8
165	67.7
168	67.6
170	67.6
172	67.6
175	67.6
177	67.6
180	67.5
183	67.4
185	67.4
188	67.3
191	67.3
194	67.3
196	67.2
199	67.2
202	67.1
205	67.1
208	67.1
211	67
214	67
217	67
220	67
224	66.9
227	66.8
230	66.7
234	66.7
237	66.6
240	66.6
244	66.6
247	66.5
251	66.5
255	66.5
258	66.5
262	66.3
266	66.3
270	66.3
274	66.3
278	66.2
282	66.2
286	66.2
290	66.2
294	66.2
298	66.1
303	66.1
307	66
312	66
316	65.9
321	65.9
325	65.9
330	65.8
335	65.9
340	65.7
345	65.7
350	65.8
355	65.8
360	65.7
365	65.7
371	65.7
376	65.7
382	65.6
387	65.6
393	65.6
398	65.5
404	65.5
410	65.5
416	65.4
422	65.4
428	65.4
434	65.4
441	65.3
447	65.3
454	65.3
460	65.3
467	65.3
474	65.2
481	65.2
488	65.1
495	65.1
502	65.1
509	65.2
517	65.2
524	65.1
532	65.1
540	65
547	65
555	65
563	65
572	64.9
580	64.9
588	64.9
597	64.9
606	64.9
614	64.9
623	64.9
632	64.9
642	64.9
651	64.8
660	64.8
670	64.8
680	64.8
690	64.8
700	64.8
710	64.8
720	64.8
731	64.8
741	64.8
752	64.8
763	64.7
774	64.7
785	64.7
797	64.8
808	64.8
820	64.8
832	64.8
844	64.8
856	64.9
869	64.8
882	64.9
894	64.9
907	64.9
921	65.1
934	65.1
948	65.2
961	65.2
975	65.3
990	65.4
1004	65.4
1019	65.5
1033	65.6
1048	65.8
1064	65.8
1079	66
1095	66.1
1111	66.3
1127	66.4
1143	66.5
1160	66.7
1177	66.8
1194	67.1
1211	67.2
1229	67.4
1247	67.5
1265	67.6
1283	67.9
1302	67.9
1321	68.3
1340	68.3
1360	68.6
1379	68.7
1399	68.9
1420	68.9
1440	69
1461	69.3
1483	69.4
1504	69.6
1526	69.7
1548	69.9
1571	70
1594	70.1
1617	70.4
1640	70.5
1664	70.9
1688	70.9
1713	71.3
1738	71.4
1763	71.7
1789	71.8
1815	71.9
1841	72.4
1868	72.5
1895	72.9
1923	73
1951	73.3
1979	73.5
2008	73.9
2037	74.2
2067	74.3
2097	74.7
2127	74.9
2158	75.2
2190	75.3
2221	75.6
2254	75.7
2287	75.8
2320	76.1
2354	76.1
2388	76.2
2423	76.2
2458	76.2
2494	76.2
2530	76
2567	75.8
2604	75.7
2642	75.4
2680	75.4
2719	75
2759	74.9
2799	74.5
2840	74.2
2881	74.1
2923	73.7
2965	73.6
3008	73.3
3052	73.1
3097	72.8
3142	72.6
3187	72.5
3234	72.3
3281	72.2
3328	72.1
3377	72
3426	71.9
3476	71.9
3526	71.8
3578	71.8
3630	71.8
3682	71.8
3736	71.9
3790	72
3846	72.1
3901	72.3
3958	72.5
4016	72.8
4074	73.1
4133	73.3
4194	73.8
4255	74.1
4316	74.8
4379	75.3
4443	75.9
4508	76.5
4573	77
4640	77.4
4707	77.6
4776	77.6
4845	77.2
4916	76.6
4987	75.7
5060	74.8
5133	73.7
5208	73.2
5284	71.8
5360	71.3
5438	70
5518	69.2
5598	68.4
5679	67.7
5762	67.1
5846	66.5
5931	66.2
6017	65.5
6104	65.1
6193	64.7
6283	64.4
6375	64.2
6467	64
6561	63.9
6657	63.7
6754	63.7
6852	63.8
6952	63.9
7053	64.2
7155	64.5
7259	64.9
7365	65.5
7472	66.2
7581	67.1
7691	68.2
7803	69.4
7916	70.5
8032	70.9
8148	70.4
8267	69.9
8387	67.1
8509	65.2
8633	63.3
8758	61.7
8886	60.3
9015	59
9146	57.9
9279	56.8
9414	55.9
9551	55.1
9690	54.3
9831	53.6
9974	53
10119	52.5
10266	52.1
10416	51.5
10567	51.4
10721	51.3
10877	51.1
11035	51.1
11196	51.1
11358	51.2
11524	51.5
11691	51.8
11861	52.3
12034	53
12209	53.7
12386	54.3
12567	54.7
12749	54.9
12935	54.9
13123	54.4
13314	54.3
13507	53.9
13704	53.3
13903	52.5
14105	51.1
14311	49.2
14519	45.6
14730	44.7
14944	43.3
15162	43.6
15382	45.5
15606	48.2
15833	50.8
16063	53.7
16297	54.1
16534	55.2
16774	55.3
17018	55.3
17266	54.3
17517	52
17772	48.2
18030	43.1
18293	33.9
18559	30.2
18829	26.7
19102	29.1
19380	32.3
20000	33.7
overall dB	94.1 dB
decay	Average
averaging	No Smoothing
source	Headset Mic 1 High Range


saved	19/2/22, 5:30 PM
peak	19.0Hz
