
Frequency	dB	Unweighted
19.5	71.7
19.8	71.8
20.1	71.9
20.3	71.9
20.6	72
20.9	72
21.2	72
21.6	72.1
21.9	72.1
22.2	72.2
22.5	72.2
22.8	72.3
23.2	72.3
23.5	72.3
23.8	72.3
24.2	72.3
24.5	72.4
24.9	72.4
25.3	72.4
25.6	72.4
26	72.5
26.4	72.5
26.8	72.5
27.2	72.5
27.5	72.5
28	72.5
28.4	72.5
28.8	72.5
29.2	72.5
29.6	72.5
30	72.5
30.5	72.5
30.9	72.5
31.4	72.5
31.8	72.6
32.3	72.6
32.8	72.6
33.2	72.7
33.7	72.7
34.2	72.7
34.7	72.7
35.2	72.7
35.7	72.7
36.2	72.7
36.8	72.7
37.3	72.7
37.9	72.7
38.4	72.6
39	72.6
39.5	72.6
40.1	72.6
40.7	72.6
41.3	72.5
41.9	72.5
42.5	72.5
43.1	72.4
43.7	72.4
44.4	72.4
45	72.4
45.7	72.4
46.3	72.4
47	72.3
47.7	72.2
48.4	72.2
49.1	72.2
49.8	72.3
50.5	72.3
51.3	72.3
52	72.2
52.8	72.1
53.5	72.1
54.3	72
55.1	72
55.9	71.9
56.7	71.9
57.5	71.9
58.4	71.9
59.2	71.9
60.1	71.8
61	71.8
61.8	71.8
62.7	71.8
63.7	71.8
64.6	71.7
65.5	71.6
66.5	71.6
67.4	71.5
68.4	71.5
69.4	71.5
70.4	71.4
71.5	71.4
72.5	71.4
73.5	71.4
74.6	71.3
75.7	71.2
76.8	71.2
77.9	71.1
79.1	71
80.2	71
81.4	71
82.6	71
83.8	70.9
85	70.8
86.2	70.7
87.5	70.7
88.7	70.6
90	70.5
91.3	70.6
92.7	70.5
94	70.4
95.4	70.3
96.8	70.3
98.2	70.3
99.6	70.2
101	70.1
103	70.1
104	70.1
106	70.1
107	70.1
109	69.8
110	69.7
112	69.7
113	69.6
115	69.5
117	69.4
118	69.4
120	69.4
122	69.3
124	69.2
125	69.2
127	69.2
129	69.1
131	69.1
133	69
135	68.9
137	68.9
139	68.8
141	68.8
143	68.7
145	68.6
147	68.5
149	68.5
151	68.4
154	68.3
156	68.3
158	68.2
160	68.2
163	68.1
165	68
168	67.9
170	67.8
172	67.8
175	67.7
177	67.6
180	67.6
183	67.5
185	67.5
188	67.4
191	67.3
194	67.2
196	67.2
199	67.2
202	67
205	66.9
208	66.9
211	66.9
214	66.8
217	66.8
220	66.7
224	66.6
227	66.5
230	66.5
234	66.5
237	66.3
240	66.3
244	66.2
247	66.2
251	66.1
255	66.1
258	66
262	66
266	65.9
270	65.8
274	65.8
278	65.7
282	65.7
286	65.6
290	65.5
294	65.5
298	65.4
303	65.4
307	65.3
312	65.3
316	65.2
321	65.1
325	65
330	65
335	65
340	65
345	64.9
350	64.8
355	64.8
360	64.8
365	64.7
371	64.7
376	64.6
382	64.6
387	64.5
393	64.5
398	64.5
404	64.4
410	64.4
416	64.3
422	64.3
428	64.2
434	64.2
441	64.2
447	64.2
454	64.1
460	64.1
467	64.1
474	64
481	64
488	63.9
495	63.9
502	63.9
509	63.9
517	63.9
524	63.8
532	63.8
540	63.8
547	63.8
555	63.8
563	63.8
572	63.7
580	63.7
588	63.7
597	63.7
606	63.7
614	63.6
623	63.6
632	63.6
642	63.6
651	63.6
660	63.6
670	63.6
680	63.6
690	63.6
700	63.6
710	63.6
720	63.6
731	63.6
741	63.6
752	63.6
763	63.6
774	63.6
785	63.6
797	63.7
808	63.7
820	63.7
832	63.8
844	63.8
856	63.9
869	63.9
882	63.9
894	64
907	64
921	64.1
934	64.2
948	64.3
961	64.4
975	64.5
990	64.6
1004	64.6
1019	64.8
1033	64.8
1048	65
1064	65.1
1079	65.4
1095	65.5
1111	65.8
1127	65.8
1143	65.9
1160	66.2
1177	66.3
1194	66.6
1211	66.7
1229	67
1247	67
1265	67.2
1283	67.5
1302	67.5
1321	67.9
1340	67.9
1360	68.2
1379	68.3
1399	68.5
1420	68.6
1440	68.7
1461	69
1483	69.1
1504	69.3
1526	69.4
1548	69.6
1571	69.6
1594	69.7
1617	69.9
1640	69.9
1664	70.1
1688	70.1
1713	70.3
1738	70.4
1763	70.6
1789	70.6
1815	70.7
1841	71.1
1868	71.2
1895	71.6
1923	71.7
1951	72.1
1979	72.2
2008	72.5
2037	72.8
2067	72.9
2097	73.3
2127	73.5
2158	73.8
2190	73.9
2221	74.3
2254	74.4
2287	74.6
2320	75
2354	75.1
2388	75.5
2423	75.6
2458	75.9
2494	76
2530	76.1
2567	76.1
2604	76
2642	75.4
2680	75.1
2719	74.3
2759	74.1
2799	73.7
2840	73.4
2881	73.1
2923	72.4
2965	72.2
3008	72
3052	71.9
3097	71.9
3142	71.9
3187	71.8
3234	71.8
3281	71.8
3328	71.7
3377	71.7
3426	71.6
3476	71.6
3526	71.6
3578	71.6
3630	71.6
3682	71.5
3736	71.5
3790	71.4
3846	71.4
3901	71.5
3958	71.5
4016	71.3
4074	70.9
4133	70.6
4194	69.6
4255	69.3
4316	68.7
4379	68.6
4443	68.7
4508	68.9
4573	69.1
4640	69.4
4707	69.5
4776	69.8
4845	69.9
4916	70
4987	70
5060	69.8
5133	69.4
5208	69.2
5284	68.4
5360	68.1
5438	67.6
5518	67
5598	65.8
5679	64.4
5762	63.8
5846	64
5931	64.3
6017	65.1
6104	65.4
6193	65.7
6283	65.9
6375	66
6467	66
6561	65.9
6657	65.6
6754	65.3
6852	65.2
6952	65.3
7053	65.3
7155	65.2
7259	65.3
7365	65.7
7472	66.6
7581	68.2
7691	70.4
7803	72.4
7916	73.4
8032	73.6
8148	73.3
8267	73.1
8387	71.2
8509	69.4
8633	67.6
8758	65.9
8886	64.4
9015	63.1
9146	61.5
9279	59.4
9414	57.1
9551	55.4
9690	54.7
9831	54.6
9974	54.8
10119	55.2
10266	55.6
10416	55.6
10567	55.4
10721	55.1
10877	55.2
11035	55.7
11196	56.4
11358	57.2
11524	57.9
11691	58.8
11861	59.8
12034	60.8
12209	61.6
12386	62.4
12567	62.9
12749	63.2
12935	63.4
13123	63.3
13314	63.4
13507	63.7
13704	64.2
13903	64.8
14105	65.2
14311	65.4
14519	65.4
14730	65.3
14944	64.9
15162	64.4
15382	63.8
15606	63.2
15833	62.6
16063	61.7
16297	61.5
16534	61
16774	60.9
17018	60.8
17266	60.6
17517	60.2
17772	59.1
18030	57.1
18293	52.9
18559	51.6
18829	49.4
19102	48.7
19380	49.1
20000	48.9
overall dB	93.8 dB
decay	Average
averaging	No Smoothing
source	Headset Mic 1 Low Range


saved	27/9/21, 2:28 PM
peak	19.0Hz
