* Measurement data measured by REW V5.20 Beta 61
* Source: USB-C to 3.5mm Headphone Jack Adapter, USB-C to 3.5mm Headphone Jack Adapter, 0, volume: 0.138
* Format: 256k Log Swept Sine, 1 sweep at -12.0 dBFS with no timing reference
* Dated: Apr 3, 2021 3:22:50 PM
* REW Settings:
*  C-weighting compensation: Off
*  Target level: 75.0 dB
* Note: 
* Measurement: Apr 3
* Smoothing: None
* Frequency Step: 1/48 octave
* Start Frequency: 20.000 Hz
*
* Freq(Hz)	SPL(dB)	Phase(degrees)
20.000000	92.374138	-144.9820
20.299999	92.411598	-145.5878
20.600000	92.437546	-146.1805
20.900000	92.453766	-146.7153
21.200001	92.466797	-147.1584
21.400000	92.479050	-147.4070
21.799999	92.518311	-147.8510
22.000000	92.546104	-148.0856
22.400000	92.611542	-148.6654
22.700001	92.656738	-149.2220
23.000000	92.686310	-149.8534
23.299999	92.695839	-150.4865
23.600000	92.688507	-151.0545
24.000000	92.665848	-151.6420
24.299999	92.652603	-151.9612
24.700001	92.651093	-152.3040
25.000000	92.661667	-152.5693
25.400000	92.682678	-152.9894
25.799999	92.700241	-153.4763
26.200001	92.709419	-153.9806
26.500000	92.711601	-154.3449
26.900000	92.710381	-154.7953
27.200001	92.707825	-155.0966
27.600000	92.705292	-155.4326
28.000000	92.711281	-155.6863
28.500000	92.743889	-155.9562
29.000000	92.802406	-156.3422
29.500000	92.860046	-156.9328
30.000000	92.889954	-157.6027
30.400000	92.896439	-158.0559
30.700001	92.900192	-158.3185
31.100000	92.913826	-158.6117
31.500000	92.936897	-158.9169
32.000000	92.963623	-159.3724
32.500000	92.973701	-159.8334
33.000000	92.973976	-160.1908
33.500000	92.980545	-160.4591
34.000000	92.996483	-160.7358
34.500000	93.011780	-161.0631
35.000000	93.020370	-161.4113
35.500000	93.023239	-161.7530
36.000000	93.021332	-162.0818
36.500000	93.015518	-162.3770
37.000000	93.012398	-162.6242
37.500000	93.018509	-162.8661
38.200001	93.032272	-163.3036
38.700001	93.032410	-163.6522
39.500000	93.026070	-164.0958
40.000000	93.031357	-164.3388
40.599998	93.042694	-164.6704
41.200001	93.052155	-165.0236
41.799999	93.061378	-165.4015
42.500000	93.056961	-165.9093
43.099998	93.025475	-166.2386
43.700001	92.997604	-166.2904
44.400002	93.020241	-166.2015
45.000000	93.079765	-166.3439
45.500000	93.125931	-166.6952
46.200001	93.148048	-167.3893
46.799999	93.114975	-167.8953
47.500000	93.060143	-168.0087
48.200001	93.078781	-167.8157
48.700001	93.135704	-167.9224
49.400002	93.179024	-168.5531
50.000000	93.145706	-169.0103
50.799999	93.104691	-169.0577
51.500000	93.124107	-169.1108
52.200001	93.132690	-169.3875
53.000000	93.121223	-169.6066
53.799999	93.125694	-169.8518
54.500000	93.111633	-170.1815
55.200001	93.081512	-170.3887
56.000000	93.066063	-170.5347
57.000000	93.057564	-170.7711
58.000000	93.084656	-170.9792
59.000000	93.127472	-171.6183
60.000000	93.104218	-172.2998
60.799999	93.074913	-172.5795
61.500000	93.061134	-172.6620
62.200001	93.075813	-172.6845
63.000000	93.107155	-172.9249
64.000000	93.088387	-173.1823
65.000000	93.125473	-173.0825
66.000000	93.161095	-173.6612
67.000000	93.108345	-173.8165
68.000000	93.161026	-173.9953
69.000000	93.120132	-174.7976
70.000000	93.036461	-174.7623
71.000000	93.050499	-174.7126
72.000000	93.057167	-174.8278
73.000000	93.077553	-174.9443
74.000000	93.084259	-175.0860
75.000000	93.102074	-175.2857
76.199997	93.032654	-175.5480
77.500000	93.062042	-175.1114
78.800003	93.065384	-176.0116
80.000000	93.003754	-176.0098
81.199997	93.042702	-176.5032
82.500000	92.992920	-176.9590
83.800003	92.990219	-177.0027
85.000000	93.016869	-177.0274
86.199997	93.028984	-177.2074
87.500000	93.052719	-177.4269
88.500000	92.972252	-177.9830
90.000000	92.938622	-176.9754
91.199997	93.030373	-177.9471
92.500000	92.945595	-178.2708
93.800003	92.924858	-178.6202
95.000000	92.929916	-178.4852
96.199997	92.952866	-178.9561
97.500000	92.922653	-179.1115
98.800003	92.912117	-179.2498
100.000000	92.922173	-179.3924
101.500000	92.899429	-179.7478
103.000000	92.862465	-179.7795
104.400002	92.876312	-179.7652
106.000000	92.851746	179.9343
107.500000	92.845108	179.7871
109.000000	92.815140	179.5789
110.599998	92.817848	179.3506
112.000000	92.832176	179.2959
113.800003	92.812401	178.9147
115.000000	92.803741	178.9767
117.199997	92.775894	178.7948
118.000000	92.764732	178.5708
120.599998	92.741180	178.6192
122.000000	92.709480	178.1595
124.099998	92.717331	177.8589
125.000000	92.702309	177.8834
126.500000	92.701340	177.7442
128.000000	92.688049	177.6782
131.500000	92.662392	177.2962
132.000000	92.656418	177.1635
134.000000	92.628838	177.0904
136.000000	92.610954	176.9460
138.000000	92.594460	176.8142
140.000000	92.568405	176.6573
143.000000	92.539474	176.3989
145.000000	92.529022	176.2654
147.500000	92.504448	176.1550
150.000000	92.477776	176.0006
152.500000	92.465950	175.7918
155.000000	92.452255	175.8409
157.500000	92.406570	175.4645
160.000000	92.415131	175.4090
162.500000	92.367966	175.4285
165.000000	92.322174	174.9905
167.500000	92.307220	175.0771
170.000000	92.296989	174.7958
172.500000	92.252380	174.6372
175.000000	92.224190	174.5164
177.500000	92.233765	174.3249
180.000000	92.172379	174.7642
182.500000	92.183624	174.2087
185.000000	92.143860	174.1715
187.500000	92.133888	173.9555
190.000000	92.079895	173.9388
192.500000	92.057800	173.4034
195.000000	92.022163	173.6499
197.500000	92.008423	173.5069
200.000000	92.030655	173.4474
203.000000	91.969231	173.5193
206.000000	91.902969	173.4254
209.000000	91.890213	173.3311
212.000000	91.876884	173.2079
214.000000	91.866043	173.1939
218.000000	91.799980	173.0461
220.000000	91.754959	172.7753
224.000000	91.746986	172.9381
227.000000	91.709831	172.7142
230.000000	91.660423	172.8282
233.000000	91.638092	172.8404
236.000000	91.604851	172.6387
240.000000	91.565269	172.7175
243.000000	91.559067	172.5836
247.000000	91.473495	172.5354
250.000000	91.461029	172.4121
254.000000	91.413177	172.3876
258.000000	91.379578	172.4262
262.000000	91.324722	172.3697
265.000000	91.312950	172.4321
269.000000	91.220291	172.7238
272.000000	91.207367	172.5522
276.000000	91.161827	172.3203
280.000000	91.117615	172.3242
285.000000	91.062592	172.4034
290.000000	91.007629	172.4892
295.000000	90.935455	172.5565
300.000000	90.865318	172.5689
304.000000	90.812851	172.8664
307.000000	90.783989	173.1448
311.000000	90.751419	173.3962
315.000000	90.740845	173.5800
320.000000	90.734421	173.7842
325.000000	90.731445	173.8673
330.000000	90.707130	173.7573
335.000000	90.672958	173.8313
340.000000	90.630707	173.7300
345.000000	90.589561	173.8229
350.000000	90.551414	173.8398
355.000000	90.508110	173.9510
360.000000	90.465164	173.8334
365.000000	90.416672	174.1667
370.000000	90.387207	174.1891
375.000000	90.339050	174.3486
382.000000	90.285980	174.4254
387.000000	90.241302	174.5732
395.000000	90.162498	174.7820
400.000000	90.129082	174.9492
406.000000	90.086174	175.0830
412.000000	90.038780	175.2503
418.000000	89.981323	175.5235
425.000000	89.926163	175.6723
431.000000	89.888504	175.8793
437.000000	89.835693	176.1641
444.000000	89.789001	176.3564
450.000000	89.731560	176.6301
455.000000	89.704285	176.7367
462.000000	89.655487	177.0927
468.000000	89.609535	177.2480
475.000000	89.561058	177.5639
482.000000	89.503929	177.9152
487.000000	89.476036	178.1622
494.000000	89.423706	178.3192
500.000000	89.395142	178.7041
508.000000	89.338997	178.9929
515.000000	89.288956	179.3665
522.000000	89.250961	179.6586
530.000000	89.193062	-179.9759
538.000000	89.154579	-179.4933
545.000000	89.093643	-179.2486
552.000000	89.061630	-178.8452
560.000000	89.009369	-178.4296
570.000000	88.958374	-177.9439
580.000000	88.897125	-177.4200
590.000000	88.830368	-176.8026
600.000000	88.780777	-176.2384
608.000000	88.737038	-175.6685
615.000000	88.710609	-175.3001
622.000000	88.664108	-174.9155
630.000000	88.618561	-174.3994
640.000000	88.584595	-173.7198
650.000000	88.538757	-173.0467
660.000000	88.525566	-172.3712
670.000000	88.494385	-171.6812
680.000000	88.467445	-171.1305
690.000000	88.449455	-170.4957
700.000000	88.418671	-169.8945
710.000000	88.380959	-169.3238
720.000000	88.348671	-168.6926
730.000000	88.313072	-167.9944
740.000000	88.289154	-167.3351
750.000000	88.257355	-166.6810
762.000000	88.221451	-165.7769
775.000000	88.196457	-164.8956
788.000000	88.173424	-163.9629
800.000000	88.154663	-163.0652
812.000000	88.139946	-162.1375
825.000000	88.122101	-161.1333
838.000000	88.121696	-160.1033
850.000000	88.119179	-159.1703
862.000000	88.116348	-158.1839
875.000000	88.137711	-157.0593
885.000000	88.144943	-156.3522
900.000000	88.171425	-155.0192
912.000000	88.182068	-154.0658
925.000000	88.224335	-152.9789
938.000000	88.268295	-151.9170
950.000000	88.310486	-150.9231
962.000000	88.362556	-149.9872
975.000000	88.423637	-148.9549
988.000000	88.493645	-147.9417
1000.000000	88.564636	-147.0302
1015.000000	88.662811	-145.9002
1030.000000	88.760643	-144.8980
1044.000000	88.856339	-143.9704
1060.000000	88.980133	-142.9032
1075.000000	89.094353	-142.0213
1090.000000	89.225174	-141.1522
1106.000000	89.351822	-140.3064
1120.000000	89.477600	-139.6438
1138.000000	89.624542	-138.8326
1150.000000	89.727402	-138.3318
1172.000000	89.917007	-137.5116
1180.000000	89.984482	-137.2276
1206.000000	90.193977	-136.3978
1220.000000	90.306900	-136.0269
1241.000000	90.464958	-135.4569
1250.000000	90.536087	-135.3044
1265.000000	90.639275	-134.9030
1280.000000	90.749306	-134.6057
1315.000000	90.985313	-133.9127
1320.000000	91.018066	-133.8248
1340.000000	91.137604	-133.4583
1360.000000	91.266251	-133.0889
1380.000000	91.381142	-132.7706
1400.000000	91.498444	-132.3982
1430.000000	91.666161	-131.8709
1450.000000	91.775925	-131.5737
1475.000000	91.909256	-131.1190
1500.000000	92.039719	-130.7061
1525.000000	92.172485	-130.2884
1550.000000	92.304779	-129.8539
1575.000000	92.437454	-129.4136
1600.000000	92.565643	-129.0181
1625.000000	92.701294	-128.5963
1650.000000	92.838196	-128.1715
1675.000000	92.972664	-127.7546
1700.000000	93.107368	-127.3711
1725.000000	93.248177	-126.9666
1750.000000	93.390335	-126.6090
1775.000000	93.537239	-126.2435
1800.000000	93.684929	-125.9060
1825.000000	93.833054	-125.5834
1850.000000	93.983650	-125.2683
1875.000000	94.138031	-124.9869
1900.000000	94.298203	-124.7332
1925.000000	94.455559	-124.5136
1950.000000	94.616356	-124.3087
1975.000000	94.779564	-124.1471
2000.000000	94.944702	-124.0092
2030.000000	95.145569	-123.8909
2060.000000	95.350365	-123.8432
2090.000000	95.556389	-123.8381
2120.000000	95.763527	-123.8971
2140.000000	95.901901	-123.9708
2180.000000	96.176491	-124.2152
2200.000000	96.314926	-124.3785
2240.000000	96.591721	-124.7980
2270.000000	96.796265	-125.2197
2300.000000	96.997009	-125.7092
2330.000000	97.193344	-126.2378
2360.000000	97.386505	-126.8995
2400.000000	97.631447	-127.8809
2430.000000	97.805344	-128.6917
2470.000000	98.019386	-129.9089
2500.000000	98.170685	-130.8864
2540.000000	98.350883	-132.2694
2580.000000	98.504066	-133.7290
2620.000000	98.631866	-135.2600
2650.000000	98.710968	-136.4068
2690.000000	98.791664	-137.9662
2720.000000	98.835953	-139.1111
2760.000000	98.869850	-140.5971
2800.000000	98.882477	-141.9924
2850.000000	98.870758	-143.6239
2900.000000	98.840538	-145.0696
2950.000000	98.796829	-146.3755
3000.000000	98.749489	-147.5689
3040.000000	98.702667	-148.4404
3070.000000	98.667580	-149.0571
3110.000000	98.613495	-149.8285
3150.000000	98.557602	-150.5527
3200.000000	98.482826	-151.3602
3250.000000	98.403595	-152.0757
3300.000000	98.322350	-152.7168
3350.000000	98.241119	-153.2503
3400.000000	98.159279	-153.7161
3450.000000	98.081398	-154.0990
3500.000000	98.010406	-154.4337
3550.000000	97.939919	-154.6929
3600.000000	97.873260	-154.8990
3650.000000	97.816658	-155.0801
3700.000000	97.761894	-155.2055
3750.000000	97.710876	-155.3481
3820.000000	97.655373	-155.4567
3870.000000	97.621643	-155.5288
3950.000000	97.577599	-155.6437
4000.000000	97.557976	-155.7079
4060.000000	97.539078	-155.8344
4120.000000	97.528664	-155.9443
4180.000000	97.520096	-156.0840
4250.000000	97.521126	-156.2881
4310.000000	97.526535	-156.5127
4370.000000	97.532898	-156.7704
4440.000000	97.545128	-157.1516
4500.000000	97.556648	-157.5309
4550.000000	97.572189	-157.9224
4620.000000	97.585953	-158.5395
4680.000000	97.593674	-159.1560
4750.000000	97.587814	-160.0190
4820.000000	97.568222	-160.9316
4870.000000	97.538826	-161.5942
4940.000000	97.486557	-162.4937
5000.000000	97.444588	-163.2680
5080.000000	97.394043	-164.4953
5150.000000	97.308006	-165.7774
5220.000000	97.179726	-167.0474
5300.000000	96.994095	-168.3274
5380.000000	96.779610	-169.4758
5450.000000	96.567657	-170.3669
5520.000000	96.346230	-171.1149
5600.000000	96.071609	-171.8079
5700.000000	95.714958	-172.3228
5800.000000	95.345131	-172.5042
5900.000000	94.983810	-172.3381
6000.000000	94.637383	-171.8540
6080.000000	94.373917	-171.2795
6150.000000	94.163834	-170.6470
6220.000000	93.964958	-169.8818
6300.000000	93.762939	-168.8973
6400.000000	93.545464	-167.5593
6500.000000	93.365067	-166.0049
6600.000000	93.235367	-164.4129
6700.000000	93.147705	-162.8109
6800.000000	93.114288	-161.1797
6900.000000	93.132446	-159.5797
7000.000000	93.202362	-157.9783
7100.000000	93.344948	-156.4807
7200.000000	93.556206	-155.3225
7300.000000	93.825668	-154.4615
7400.000000	94.154015	-153.9951
7500.000000	94.547600	-154.0605
7620.000000	95.100456	-155.0331
7750.000000	95.774567	-157.5641
7880.000000	96.423401	-162.0702
8000.000000	96.939156	-167.5999
8120.000000	97.313179	-174.1965
8250.000000	97.444489	176.9417
8380.000000	97.167274	166.5524
8500.000000	96.391930	157.1493
8620.000000	95.254211	149.6924
8750.000000	93.796165	144.3023
8850.000000	92.686249	141.9931
9000.000000	91.138069	140.4676
9120.000000	90.021057	140.5093
9250.000000	88.895248	141.2122
9380.000000	87.894875	142.7333
9500.000000	87.056854	144.5703
9620.000000	86.323112	146.6995
9750.000000	85.616577	149.0105
9880.000000	85.024170	151.6116
10000.000000	84.543320	153.9838
10150.000000	84.014038	156.9297
10300.000000	83.597168	159.6025
10440.000000	83.306671	161.9180
10600.000000	83.010857	164.4553
10750.000000	82.819580	166.4227
10900.000000	82.643921	168.0875
11060.000000	82.575439	169.4560
11200.000000	82.493530	170.2600
11380.000000	82.437286	170.8445
11500.000000	82.411469	170.9592
11720.000000	82.352257	170.6921
11800.000000	82.326744	170.3529
12060.000000	82.245682	169.5109
12200.000000	82.198120	168.9981
12410.000000	82.181053	167.9560
12500.000000	82.254089	167.0092
12650.000000	82.363991	165.8083
12800.000000	82.399628	163.7770
13150.000000	82.485184	159.0043
13200.000000	82.522797	158.1322
13400.000000	82.660736	155.0747
13600.000000	82.902420	151.2407
13800.000000	83.289108	146.6794
14000.000000	83.704407	140.2969
14300.000000	84.469437	127.8553
14500.000000	84.897453	116.3475
14750.000000	84.946808	98.3160
15000.000000	84.209534	79.7703
15250.000000	82.957695	63.4904
15500.000000	81.643036	50.3033
15750.000000	80.503494	38.8091
16000.000000	79.761070	28.1161
16250.000000	79.404427	15.8757
16500.000000	79.401352	1.1808
16750.000000	79.546722	-19.0400
17000.000000	79.245422	-44.3061
17250.000000	78.036087	-71.5593
17500.000000	76.132515	-94.6569
17750.000000	74.365967	-116.1224
18000.000000	73.005630	-134.9675
18250.000000	72.047157	-156.2527
18500.000000	71.192841	179.0781
18750.000000	70.357307	152.5616
19000.000000	69.593742	123.3535
19250.000000	68.560997	92.0983
19500.000000	67.337387	55.5404
19750.000000	65.730247	16.7230
