* Measurement data measured by REW V5.20 Beta 61
* Source: USB-C to 3.5mm Headphone Jack Adapter, USB-C to 3.5mm Headphone Jack Adapter, 0, volume: 0.138
* Format: 256k Log Swept Sine, 1 sweep at -12.0 dBFS with no timing reference
* Dated: Jul 6, 2021 3:17:15 PM
* REW Settings:
*  C-weighting compensation: Off
*  Target level: 75.0 dB
* Note: 
* Measurement: Jul 6
* Smoothing: None
* Frequency Step: 1/48 octave
* Start Frequency: 20.000 Hz
*
* Freq(Hz)	SPL(dB)	Phase(degrees)
20.000000	92.836189	19.3936
20.299999	92.848587	18.6176
20.600000	92.855103	17.8818
20.900000	92.860123	17.1961
21.200001	92.868019	16.5475
21.400000	92.875641	16.1192
21.799999	92.893959	15.2465
22.000000	92.902550	14.7943
22.400000	92.913071	13.8628
22.700001	92.912430	13.1664
23.000000	92.904633	12.5030
23.299999	92.892990	11.8906
23.600000	92.881264	11.3297
24.000000	92.870529	10.6409
24.299999	92.867447	10.1393
24.700001	92.867401	9.4590
25.000000	92.867165	8.9352
25.400000	92.863678	8.2350
25.799999	92.858063	7.5582
26.200001	92.855263	6.9033
26.500000	92.856567	6.4024
26.900000	92.859749	5.6855
27.200001	92.857529	5.1039
27.600000	92.840637	4.3028
28.000000	92.805687	3.5586
28.500000	92.751976	2.8245
29.000000	92.717148	2.2832
29.500000	92.713608	1.7486
30.000000	92.722221	1.0657
30.400000	92.720078	0.4372
30.700001	92.710365	-0.0328
31.100000	92.692276	-0.6125
31.500000	92.675842	-1.1467
32.000000	92.660522	-1.8194
32.500000	92.640366	-2.5336
33.000000	92.607033	-3.2180
33.500000	92.569778	-3.7973
34.000000	92.543861	-4.3089
34.500000	92.529190	-4.8611
35.000000	92.512154	-5.4892
35.500000	92.483803	-6.1287
36.000000	92.449478	-6.7168
36.500000	92.417450	-7.2644
37.000000	92.387871	-7.8119
37.500000	92.356277	-8.3588
38.200001	92.311256	-9.0715
38.700001	92.285614	-9.5596
39.500000	92.248848	-10.4278
40.000000	92.214569	-11.0071
40.599998	92.159355	-11.6289
41.200001	92.106430	-12.1126
41.799999	92.071480	-12.5545
42.500000	92.041512	-13.1953
43.099998	91.999214	-13.8239
43.700001	91.941650	-14.3645
44.400002	91.885025	-14.8589
45.000000	91.853180	-15.3283
45.500000	91.822067	-15.8002
46.200001	91.758545	-16.4308
46.799999	91.704727	-16.8319
47.500000	91.667236	-17.2862
48.200001	91.634079	-17.9053
48.700001	91.594589	-18.3854
49.400002	91.524025	-18.9327
50.000000	91.471619	-19.2903
50.799999	91.416718	-19.7975
51.500000	91.361618	-20.2818
52.200001	91.302765	-20.6953
53.000000	91.250801	-21.1511
53.799999	91.200119	-21.7446
54.500000	91.135376	-22.2980
55.200001	91.058395	-22.7362
56.000000	90.983215	-23.0862
57.000000	90.921936	-23.5561
58.000000	90.861092	-24.1610
59.000000	90.794777	-24.7840
60.000000	90.709694	-25.4482
60.799999	90.627838	-25.8296
61.500000	90.570290	-26.0838
62.200001	90.520416	-26.3908
63.000000	90.458740	-26.7651
64.000000	90.384491	-27.2385
65.000000	90.305450	-27.7520
66.000000	90.226471	-28.2662
67.000000	90.135155	-28.7959
68.000000	90.046661	-29.1801
69.000000	89.972275	-29.6292
70.000000	89.881042	-30.0807
71.000000	89.790688	-30.4299
72.000000	89.707809	-30.7537
73.000000	89.631027	-31.1254
74.000000	89.540482	-31.5471
75.000000	89.442123	-31.8368
76.199997	89.351616	-32.1721
77.500000	89.234505	-32.6321
78.800003	89.131874	-32.9584
80.000000	89.025589	-33.3406
81.199997	88.928535	-33.6656
82.500000	88.798981	-34.0051
83.800003	88.702698	-34.2803
85.000000	88.585915	-34.5965
86.199997	88.496597	-34.7885
87.500000	88.381401	-35.1572
88.500000	88.290771	-35.2807
90.000000	88.174538	-35.5765
91.199997	88.059372	-35.7926
92.500000	87.949982	-35.9323
93.800003	87.842392	-36.1293
95.000000	87.740784	-36.3182
96.199997	87.635368	-36.4582
97.500000	87.526146	-36.5815
98.800003	87.420914	-36.6811
100.000000	87.322495	-36.8023
101.500000	87.195267	-36.9069
103.000000	87.070221	-36.9862
104.400002	86.957932	-37.0442
106.000000	86.827652	-37.1411
107.500000	86.706909	-37.1449
109.000000	86.587128	-37.1785
110.599998	86.463966	-37.1725
112.000000	86.347168	-37.1551
113.800003	86.212776	-37.0849
115.000000	86.113846	-37.0855
117.199997	85.944458	-36.9473
118.000000	85.877289	-36.9193
120.599998	85.700058	-36.7266
122.000000	85.594368	-36.6618
124.099998	85.430122	-36.4664
125.000000	85.367645	-36.3603
126.500000	85.260132	-36.1421
128.000000	85.154770	-36.0098
131.500000	84.922638	-35.4867
132.000000	84.891617	-35.4539
134.000000	84.749855	-35.1130
136.000000	84.623932	-34.7923
138.000000	84.492882	-34.4720
140.000000	84.371918	-34.1067
143.000000	84.185028	-33.5022
145.000000	84.075157	-33.0108
147.500000	83.928787	-32.4616
150.000000	83.794846	-31.9853
152.500000	83.657967	-31.3141
155.000000	83.534012	-30.7174
157.500000	83.411217	-30.0492
160.000000	83.292473	-29.4429
162.500000	83.193207	-28.7688
165.000000	83.085648	-28.1399
167.500000	82.977386	-27.4035
170.000000	82.890610	-26.7540
172.500000	82.804749	-26.0985
175.000000	82.720657	-25.3523
177.500000	82.643311	-24.6791
180.000000	82.591652	-24.1449
182.500000	82.498268	-23.1945
185.000000	82.437790	-22.5188
187.500000	82.367691	-21.7791
190.000000	82.321548	-20.9605
192.500000	82.256454	-20.2871
195.000000	82.215118	-19.5133
197.500000	82.166351	-18.9197
200.000000	82.135223	-18.1969
203.000000	82.081604	-17.4254
206.000000	82.034134	-16.6102
209.000000	82.005226	-15.7935
212.000000	81.980370	-15.0029
214.000000	81.971573	-14.5013
218.000000	81.953423	-13.5081
220.000000	81.923164	-12.9914
224.000000	81.908798	-12.0702
227.000000	81.904739	-11.3331
230.000000	81.891365	-10.6758
233.000000	81.879845	-10.0001
236.000000	81.879364	-9.3482
240.000000	81.912247	-8.4326
243.000000	81.895386	-7.8603
247.000000	81.883804	-7.1251
250.000000	81.895615	-6.5790
254.000000	81.914970	-5.7760
258.000000	81.919289	-5.1255
262.000000	81.934433	-4.3887
265.000000	81.952263	-3.9214
269.000000	81.970406	-3.2760
272.000000	81.988106	-2.8202
276.000000	82.003296	-2.1842
280.000000	82.029068	-1.6417
285.000000	82.055794	-0.9455
290.000000	82.082596	-0.2786
295.000000	82.112450	0.3753
300.000000	82.103050	0.8111
304.000000	82.168808	1.3702
307.000000	82.180222	1.7058
311.000000	82.207367	2.1983
315.000000	82.227097	2.6252
320.000000	82.259621	3.1552
325.000000	82.286331	3.7506
330.000000	82.309380	4.2897
335.000000	82.343765	4.7147
340.000000	82.382988	5.2652
345.000000	82.419189	5.6756
350.000000	82.478516	6.1677
355.000000	82.511436	6.5155
360.000000	82.534248	6.9606
365.000000	82.590042	7.2162
370.000000	82.623138	7.5294
375.000000	82.656357	7.8270
382.000000	82.696342	8.2183
387.000000	82.736031	8.4757
395.000000	82.774445	8.9158
400.000000	82.796097	9.1130
406.000000	82.825943	9.3849
412.000000	82.850792	9.6876
418.000000	82.880493	9.9768
425.000000	82.907639	10.3410
431.000000	82.915154	10.6308
437.000000	82.942795	10.8681
444.000000	82.968224	11.2131
450.000000	82.982758	11.4412
455.000000	82.998962	11.6604
462.000000	83.019165	12.0413
468.000000	83.030762	12.2592
475.000000	83.059242	12.5289
482.000000	83.069115	12.8880
487.000000	83.082214	13.0993
494.000000	83.108871	13.4305
500.000000	83.109695	13.7041
508.000000	83.134865	14.0125
515.000000	83.149231	14.3390
522.000000	83.163559	14.5687
530.000000	83.180695	14.9476
538.000000	83.191559	15.2143
545.000000	83.207634	15.5403
552.000000	83.211700	15.8935
560.000000	83.226219	16.2338
570.000000	83.246674	16.6282
580.000000	83.256149	17.0842
590.000000	83.270691	17.4794
600.000000	83.276314	17.8990
608.000000	83.296692	18.3039
615.000000	83.309326	18.6194
622.000000	83.315109	18.9398
630.000000	83.330788	19.3353
640.000000	83.350357	19.7410
650.000000	83.364372	20.1517
660.000000	83.384003	20.6393
670.000000	83.398697	21.1398
680.000000	83.404709	21.6224
690.000000	83.419800	22.0204
700.000000	83.433762	22.5664
710.000000	83.459068	22.9463
720.000000	83.456833	23.3942
730.000000	83.483253	24.0204
740.000000	83.489777	24.4909
750.000000	83.509567	25.0002
762.000000	83.539658	25.7169
775.000000	83.548180	26.4136
788.000000	83.580048	27.1030
800.000000	83.607368	27.7904
812.000000	83.644287	28.4810
825.000000	83.673531	29.2707
838.000000	83.706451	30.0189
850.000000	83.756790	30.7409
862.000000	83.796379	31.4814
875.000000	83.859848	32.2636
885.000000	83.902863	32.8798
900.000000	83.976379	33.7895
912.000000	84.046844	34.5682
925.000000	84.120316	35.3315
938.000000	84.194046	36.1105
950.000000	84.269135	36.8104
962.000000	84.367775	37.5732
975.000000	84.455261	38.2611
988.000000	84.555687	38.9498
1000.000000	84.655258	39.6625
1015.000000	84.795036	40.4464
1030.000000	84.926048	41.1768
1044.000000	85.068863	41.7605
1060.000000	85.231613	42.3931
1075.000000	85.394615	42.8399
1090.000000	85.552856	43.2916
1106.000000	85.710846	43.6267
1120.000000	85.851662	43.8708
1138.000000	86.027359	44.1794
1150.000000	86.147743	44.3303
1172.000000	86.346199	44.5192
1180.000000	86.422722	44.5040
1206.000000	86.651337	44.6243
1220.000000	86.761765	44.6029
1241.000000	86.929428	44.5556
1250.000000	86.990021	44.4963
1265.000000	87.101593	44.4382
1280.000000	87.206322	44.3372
1315.000000	87.417915	44.0988
1320.000000	87.449951	44.0664
1340.000000	87.552391	43.9119
1360.000000	87.660889	43.7684
1380.000000	87.754280	43.6709
1400.000000	87.838852	43.5676
1430.000000	87.964508	43.4335
1450.000000	88.038719	43.3683
1475.000000	88.134720	43.3625
1500.000000	88.232620	43.3395
1525.000000	88.310143	43.3145
1550.000000	88.389359	43.3844
1575.000000	88.481598	43.4440
1600.000000	88.568420	43.5091
1625.000000	88.654976	43.6298
1650.000000	88.744110	43.7454
1675.000000	88.829300	43.8517
1700.000000	88.913399	44.0052
1725.000000	89.010818	44.1526
1750.000000	89.097549	44.3021
1775.000000	89.196533	44.4329
1800.000000	89.302032	44.5364
1825.000000	89.395355	44.7043
1850.000000	89.501633	44.8772
1875.000000	89.606995	45.0073
1900.000000	89.711525	45.1063
1925.000000	89.828949	45.2214
1950.000000	89.935989	45.3559
1975.000000	90.048561	45.4419
2000.000000	90.168663	45.4706
2030.000000	90.308586	45.4933
2060.000000	90.456932	45.5142
2090.000000	90.606796	45.4779
2120.000000	90.758186	45.4379
2140.000000	90.856155	45.3684
2180.000000	91.061722	45.1885
2200.000000	91.160568	45.0825
2240.000000	91.372551	44.7446
2270.000000	91.523483	44.4491
2300.000000	91.684288	44.1024
2330.000000	91.826675	43.7342
2360.000000	91.980919	43.2618
2400.000000	92.178665	42.5889
2430.000000	92.318214	41.9950
2470.000000	92.505142	41.1005
2500.000000	92.637497	40.4519
2540.000000	92.803329	39.4297
2580.000000	92.949760	38.2919
2620.000000	93.093002	37.1438
2650.000000	93.185135	36.2125
2690.000000	93.296310	34.9250
2720.000000	93.365387	33.9252
2760.000000	93.446304	32.5707
2800.000000	93.503845	31.1680
2850.000000	93.547745	29.4738
2900.000000	93.562874	27.7569
2950.000000	93.553787	26.1188
3000.000000	93.516983	24.5154
3040.000000	93.478149	23.3347
3070.000000	93.441528	22.4728
3110.000000	93.383034	21.3694
3150.000000	93.311440	20.3414
3200.000000	93.216331	19.0847
3250.000000	93.108154	17.9134
3300.000000	92.991051	16.8284
3350.000000	92.867149	15.8496
3400.000000	92.734253	14.9186
3450.000000	92.593262	14.0577
3500.000000	92.446159	13.3451
3550.000000	92.289734	12.6805
3600.000000	92.130966	12.1758
3650.000000	91.978416	11.7797
3700.000000	91.824753	11.4467
3750.000000	91.665154	11.2663
3820.000000	91.479355	11.1544
3870.000000	91.356590	11.1353
3950.000000	91.175789	11.2127
4000.000000	91.079117	11.3316
4060.000000	90.986618	11.3749
4120.000000	90.908730	11.4818
4180.000000	90.825592	11.4303
4250.000000	90.744072	11.2459
4310.000000	90.658691	11.0468
4370.000000	90.570450	10.7678
4440.000000	90.424431	10.5121
4500.000000	90.280884	10.4350
4550.000000	90.163963	10.4352
4620.000000	90.000381	10.6749
4680.000000	89.876892	10.8925
4750.000000	89.757713	11.3780
4820.000000	89.654404	11.8575
4870.000000	89.592041	12.1607
4940.000000	89.513428	12.6137
5000.000000	89.443146	12.9108
5080.000000	89.378540	13.3361
5150.000000	89.313293	13.7328
5220.000000	89.250023	14.0128
5300.000000	89.178558	14.3249
5380.000000	89.105148	14.6853
5450.000000	89.039909	15.0459
5520.000000	88.974678	15.4327
5600.000000	88.906052	15.8400
5700.000000	88.819901	16.3870
5800.000000	88.735275	16.9723
5900.000000	88.630859	17.6754
6000.000000	88.536690	18.4560
6080.000000	88.462860	19.2304
6150.000000	88.401115	19.9369
6220.000000	88.347855	20.8025
6300.000000	88.293282	21.8289
6400.000000	88.256432	23.3611
6500.000000	88.262047	24.8786
6600.000000	88.300697	26.6076
6700.000000	88.383644	28.2299
6800.000000	88.508263	29.8164
6900.000000	88.690842	31.4557
7000.000000	88.919250	32.9386
7100.000000	89.207832	34.2517
7200.000000	89.574539	35.3432
7300.000000	90.001221	36.0271
7400.000000	90.512405	36.0552
7500.000000	91.068832	35.2198
7620.000000	91.763557	33.0332
7750.000000	92.526627	28.7446
7880.000000	93.169472	21.8445
8000.000000	93.458748	13.1936
8120.000000	93.243706	3.4322
8250.000000	92.418877	-6.2641
8380.000000	91.201286	-13.2561
8500.000000	89.943802	-17.2326
8620.000000	88.716904	-19.2970
8750.000000	87.461044	-19.8266
8850.000000	86.587730	-19.4877
9000.000000	85.408112	-17.9712
9120.000000	84.536812	-16.1258
9250.000000	83.758850	-13.9568
9380.000000	83.060020	-11.6763
9500.000000	82.500847	-9.1983
9620.000000	82.002426	-6.8434
9750.000000	81.579636	-4.0176
9880.000000	81.236458	-1.8108
10000.000000	80.959488	0.3626
10150.000000	80.732918	2.5999
10300.000000	80.627281	4.5620
10440.000000	80.586571	6.1573
10600.000000	80.575089	6.9488
10750.000000	80.660324	7.7863
10900.000000	80.733978	7.5852
11060.000000	80.904205	6.8699
11200.000000	80.971588	5.7725
11380.000000	81.061256	3.9317
11500.000000	81.089088	2.5198
11720.000000	81.029877	0.0050
11800.000000	81.009758	-1.0624
12060.000000	80.897987	-3.7912
12200.000000	80.842072	-5.0007
12410.000000	80.676445	-6.5247
12500.000000	80.624664	-7.1405
12650.000000	80.640526	-7.1445
12800.000000	80.450279	-8.6003
13150.000000	80.387535	-9.2367
13200.000000	80.429367	-9.4220
13400.000000	80.472458	-9.7600
13600.000000	80.606796	-10.3870
13800.000000	80.794960	-11.3360
14000.000000	81.046570	-12.6769
14300.000000	81.640091	-15.2426
14500.000000	82.179062	-17.9706
14750.000000	83.088593	-23.1362
15000.000000	84.267227	-31.5917
15250.000000	85.650299	-45.7869
15500.000000	86.707184	-68.1345
15750.000000	86.431725	-97.3799
16000.000000	84.517998	-124.6579
16250.000000	81.976105	-145.9238
16500.000000	79.570671	-162.9383
16750.000000	77.456482	-177.7952
17000.000000	75.627075	167.5729
17250.000000	74.352646	152.5928
17500.000000	73.373940	135.6177
17750.000000	72.729492	117.9609
18000.000000	72.433754	97.4561
18250.000000	72.376457	76.4424
18500.000000	72.249817	52.5660
18750.000000	71.999718	28.2126
19000.000000	71.882019	4.9351
19250.000000	72.402100	-19.5682
19500.000000	73.265739	-49.8680
19750.000000	74.001526	-87.2803
