
Frequency	dB	Unweighted
19.5	68.8
19.8	68.8
20.1	69
20.3	69.1
20.6	69.3
20.9	69.3
21.2	69.4
21.6	69.6
21.9	69.6
22.2	69.7
22.5	69.7
22.8	69.8
23.2	69.8
23.5	69.9
23.8	70
24.2	70
24.5	70.2
24.9	70.2
25.3	70.4
25.6	70.4
26	70.6
26.4	70.6
26.8	70.6
27.2	70.8
27.5	70.8
28	70.9
28.4	70.9
28.8	70.9
29.2	71
29.6	71
30	71.1
30.5	71.1
30.9	71.2
31.4	71.2
31.8	71.4
32.3	71.4
32.8	71.5
33.2	71.5
33.7	71.5
34.2	71.6
34.7	71.6
35.2	71.6
35.7	71.7
36.2	71.8
36.8	71.9
37.3	71.9
37.9	71.9
38.4	71.9
39	71.8
39.5	71.8
40.1	71.8
40.7	71.9
41.3	72
41.9	72
42.5	72
43.1	72
43.7	72
44.4	72
45	72
45.7	72.1
46.3	72.1
47	72
47.7	72
48.4	72
49.1	72.1
49.8	72.1
50.5	72.1
51.3	72.1
52	72
52.8	72
53.5	72
54.3	72.1
55.1	72.1
55.9	72.2
56.7	72.2
57.5	72.2
58.4	72.2
59.2	72.1
60.1	72.1
61	72.1
61.8	72.1
62.7	72.1
63.7	72
64.6	72
65.5	72
66.5	72
67.4	72
68.4	72
69.4	72.1
70.4	72
71.5	72
72.5	71.9
73.5	71.8
74.6	71.7
75.7	71.7
76.8	71.7
77.9	71.7
79.1	71.8
80.2	71.8
81.4	71.8
82.6	71.7
83.8	71.7
85	71.7
86.2	71.6
87.5	71.5
88.7	71.4
90	71.4
91.3	71.3
92.7	71.3
94	71.3
95.4	71.3
96.8	71.3
98.2	71.2
99.6	71.2
101	71.1
103	71.1
104	71
106	71
107	71
109	71
110	70.9
112	70.8
113	70.7
115	70.7
117	70.7
118	70.6
120	70.6
122	70.5
124	70.5
125	70.4
127	70.3
129	70.3
131	70.2
133	70.1
135	70.1
137	70
139	70
141	69.9
143	69.9
145	69.8
147	69.8
149	69.7
151	69.7
154	69.6
156	69.6
158	69.5
160	69.5
163	69.4
165	69.3
168	69.3
170	69.2
172	69.2
175	69.1
177	69
180	69
183	69
185	69
188	68.8
191	68.8
194	68.7
196	68.7
199	68.6
202	68.6
205	68.5
208	68.4
211	68.3
214	68.2
217	68.2
220	68.1
224	68
227	68
230	67.9
234	67.9
237	67.8
240	67.7
244	67.6
247	67.5
251	67.5
255	67.4
258	67.3
262	67.2
266	67.2
270	67
274	67
278	67
282	66.9
286	66.8
290	66.7
294	66.6
298	66.5
303	66.4
307	66.4
312	66.4
316	66.3
321	66.2
325	66.1
330	66
335	66
340	65.9
345	65.9
350	65.8
355	65.7
360	65.6
365	65.5
371	65.5
376	65.4
382	65.4
387	65.2
393	65.2
398	65.2
404	65.1
410	65
416	64.9
422	64.9
428	64.8
434	64.7
441	64.7
447	64.6
454	64.6
460	64.4
467	64.4
474	64.4
481	64.3
488	64.3
495	64.2
502	64.2
509	64
517	64
524	64
532	63.9
540	63.9
547	63.8
555	63.7
563	63.7
572	63.6
580	63.6
588	63.5
597	63.4
606	63.4
614	63.4
623	63.3
632	63.3
642	63.1
651	63.2
660	63.2
670	63.2
680	63.2
690	63.2
700	63.1
710	63.1
720	63.1
731	63
741	63
752	63
763	63
774	62.9
785	63
797	62.9
808	62.9
820	62.9
832	62.9
844	62.9
856	62.9
869	62.9
882	63
894	63
907	63
921	63
934	63
948	63.1
961	63.2
975	63.3
990	63.4
1004	63.4
1019	63.5
1033	63.6
1048	63.8
1064	63.9
1079	64.2
1095	64.3
1111	64.5
1127	64.6
1143	64.7
1160	65
1177	65
1194	65.4
1211	65.5
1229	65.8
1247	65.9
1265	65.9
1283	66.2
1302	66.3
1321	66.6
1340	66.7
1360	66.9
1379	67
1399	67.2
1420	67.3
1440	67.3
1461	67.7
1483	67.8
1504	68
1526	68.1
1548	68.4
1571	68.5
1594	68.6
1617	68.9
1640	69.1
1664	69.5
1688	69.7
1713	70
1738	70.1
1763	70.3
1789	70.4
1815	70.5
1841	70.7
1868	70.7
1895	70.9
1923	70.9
1951	71
1979	71
2008	71
2037	71
2067	71
2097	71
2127	71
2158	71
2190	71
2221	70.9
2254	70.8
2287	70.8
2320	70.6
2354	70.6
2388	70.4
2423	70.4
2458	70.1
2494	70.1
2530	69.9
2567	69.7
2604	69.6
2642	69.4
2680	69.3
2719	69.1
2759	69
2799	68.7
2840	68.6
2881	68.5
2923	68.2
2965	68.2
3008	67.9
3052	67.8
3097	67.7
3142	67.6
3187	67.5
3234	67.4
3281	67.3
3328	67.2
3377	67.1
3426	67
3476	67
3526	66.9
3578	66.8
3630	66.8
3682	66.8
3736	66.8
3790	66.7
3846	66.7
3901	66.8
3958	66.8
4016	66.8
4074	66.9
4133	66.9
4194	67
4255	67.1
4316	67.2
4379	67.3
4443	67.4
4508	67.5
4573	67.6
4640	67.7
4707	67.7
4776	67.9
4845	68
4916	68.1
4987	68.2
5060	68.3
5133	68.3
5208	68.3
5284	68.1
5360	68.1
5438	68.1
5518	68.1
5598	67.9
5679	67.7
5762	67.5
5846	67.2
5931	67.1
6017	66.8
6104	66.6
6193	66.4
6283	66.3
6375	66.2
6467	66.1
6561	66.1
6657	66.1
6754	66.1
6852	66.2
6952	66.4
7053	66.6
7155	66.9
7259	67.2
7365	67.6
7472	68.1
7581	68.6
7691	69.2
7803	69.7
7916	70
8032	70.1
8148	69.7
8267	69.4
8387	67.9
8509	66.7
8633	65.6
8758	64.4
8886	63.4
9015	62.5
9146	61.7
9279	61
9414	60.4
9551	59.9
9690	59.5
9831	59.2
9974	59.1
10119	59
10266	59.1
10416	59.5
10567	59.7
10721	60.2
10877	60.8
11035	61.4
11196	61.9
11358	62.3
11524	62.4
11691	62.2
11861	61.7
12034	61.1
12209	60.5
12386	59.8
12567	59.3
12749	58.9
12935	58.4
13123	57.9
13314	57.7
13507	57.5
13704	57.4
13903	57.4
14105	57.7
14311	58.3
14519	59.5
14730	59.8
14944	59.8
15162	58.7
15382	56.6
15606	54.3
15833	52.2
16063	49.5
16297	48.7
16534	46.7
16774	46.2
17018	45.4
17266	44.8
17517	44.4
17772	43.9
18030	43.2
18293	40.6
18559	38.9
18829	35.1
19102	30.8
19380	26.5
20000	22.6
overall dB	92.6 dB
decay	Average
averaging	No Smoothing
source	Headset Mic 1 Low Range


saved	24/9/19, 5:37 PM
peak	26.4Hz
