
Frequency	dB	Unweighted
19.5	69.5
19.8	69.6
20.1	69.7
20.3	69.8
20.6	69.9
20.9	69.9
21.2	69.9
21.6	70.1
21.9	70.1
22.2	70.2
22.5	70.2
22.8	70.3
23.2	70.4
23.5	70.4
23.8	70.5
24.2	70.5
24.5	70.5
24.9	70.5
25.3	70.6
25.6	70.6
26	70.7
26.4	70.7
26.8	70.7
27.2	70.8
27.5	70.9
28	70.9
28.4	70.9
28.8	71
29.2	71
29.6	71
30	71
30.5	71
30.9	71.1
31.4	71.1
31.8	71.1
32.3	71.1
32.8	71.1
33.2	71.2
33.7	71.2
34.2	71.2
34.7	71.2
35.2	71.2
35.7	71.2
36.2	71.2
36.8	71.3
37.3	71.3
37.9	71.3
38.4	71.3
39	71.3
39.5	71.3
40.1	71.3
40.7	71.3
41.3	71.4
41.9	71.4
42.5	71.4
43.1	71.3
43.7	71.3
44.4	71.3
45	71.3
45.7	71.3
46.3	71.3
47	71.3
47.7	71.3
48.4	71.3
49.1	71.3
49.8	71.2
50.5	71.2
51.3	71.2
52	71.2
52.8	71.2
53.5	71.2
54.3	71.2
55.1	71.3
55.9	71.3
56.7	71.2
57.5	71.2
58.4	71.1
59.2	71.1
60.1	71
61	71.1
61.8	71
62.7	71
63.7	71
64.6	71
65.5	71
66.5	71
67.4	71
68.4	70.9
69.4	70.9
70.4	70.8
71.5	70.8
72.5	70.8
73.5	70.8
74.6	70.8
75.7	70.7
76.8	70.7
77.9	70.7
79.1	70.6
80.2	70.6
81.4	70.5
82.6	70.5
83.8	70.4
85	70.4
86.2	70.5
87.5	70.5
88.7	70.4
90	70.3
91.3	70.2
92.7	70.2
94	70.2
95.4	70.2
96.8	70.2
98.2	70.1
99.6	70
101	70
103	70
104	70
106	69.9
107	69.9
109	69.8
110	69.8
112	69.8
113	69.7
115	69.7
117	69.6
118	69.6
120	69.5
122	69.4
124	69.4
125	69.4
127	69.3
129	69.2
131	69.2
133	69.2
135	69.1
137	69.1
139	69
141	69
143	69
145	68.9
147	68.9
149	68.8
151	68.8
154	68.7
156	68.6
158	68.6
160	68.5
163	68.5
165	68.5
168	68.4
170	68.3
172	68.3
175	68.3
177	68.2
180	68.2
183	68.2
185	68.1
188	68
191	67.9
194	67.9
196	67.9
199	67.8
202	67.8
205	67.7
208	67.7
211	67.6
214	67.5
217	67.5
220	67.5
224	67.4
227	67.4
230	67.3
234	67.3
237	67.2
240	67.2
244	67.2
247	67.1
251	67.1
255	67
258	67
262	66.9
266	66.9
270	66.8
274	66.8
278	66.7
282	66.7
286	66.7
290	66.6
294	66.6
298	66.5
303	66.5
307	66.4
312	66.4
316	66.3
321	66.3
325	66.3
330	66.2
335	66.2
340	66.1
345	66.1
350	66.1
355	66.1
360	66
365	66
371	66
376	65.9
382	65.9
387	65.9
393	65.9
398	65.8
404	65.8
410	65.7
416	65.7
422	65.7
428	65.6
434	65.6
441	65.6
447	65.5
454	65.5
460	65.5
467	65.5
474	65.4
481	65.4
488	65.4
495	65.4
502	65.3
509	65.3
517	65.3
524	65.3
532	65.3
540	65.2
547	65.2
555	65.2
563	65.2
572	65.2
580	65.2
588	65.2
597	65.2
606	65.1
614	65.1
623	65.1
632	65.1
642	65.1
651	65
660	65
670	65.1
680	65
690	65
700	65
710	65
720	65
731	65
741	65
752	65
763	65
774	65
785	65
797	64.9
808	65
820	65
832	65
844	65
856	65.1
869	65.1
882	65.2
894	65.2
907	65.2
921	65.3
934	65.3
948	65.5
961	65.6
975	65.7
990	65.8
1004	65.8
1019	66
1033	66.1
1048	66.3
1064	66.4
1079	66.8
1095	66.9
1111	67.1
1127	67.2
1143	67.4
1160	67.7
1177	67.8
1194	68.1
1211	68.2
1229	68.5
1247	68.6
1265	68.7
1283	68.9
1302	69
1321	69.4
1340	69.4
1360	69.7
1379	69.7
1399	69.9
1420	70
1440	70.1
1461	70.4
1483	70.4
1504	70.6
1526	70.7
1548	70.9
1571	70.9
1594	71
1617	71.2
1640	71.3
1664	71.6
1688	71.6
1713	71.9
1738	71.9
1763	72.2
1789	72.3
1815	72.3
1841	72.6
1868	72.7
1895	72.9
1923	73
1951	73.2
1979	73.3
2008	73.6
2037	73.7
2067	73.8
2097	74.1
2127	74.1
2158	74.4
2190	74.4
2221	74.6
2254	74.7
2287	74.8
2320	75
2354	75.1
2388	75.2
2423	75.3
2458	75.4
2494	75.4
2530	75.5
2567	75.5
2604	75.5
2642	75.5
2680	75.5
2719	75.5
2759	75.5
2799	75.4
2840	75.3
2881	75.2
2923	75.1
2965	75.1
3008	74.9
3052	74.9
3097	74.7
3142	74.6
3187	74.5
3234	74.3
3281	74.3
3328	74.1
3377	74.1
3426	73.9
3476	73.9
3526	73.7
3578	73.6
3630	73.6
3682	73.5
3736	73.5
3790	73.5
3846	73.4
3901	73.4
3958	73.4
4016	73.4
4074	73.4
4133	73.4
4194	73.5
4255	73.5
4316	73.5
4379	73.6
4443	73.6
4508	73.6
4573	73.6
4640	73.5
4707	73.5
4776	73.2
4845	73.1
4916	72.9
4987	72.7
5060	72.5
5133	72.4
5208	72.4
5284	72.2
5360	72.2
5438	71.9
5518	71.7
5598	71.5
5679	71.3
5762	71
5846	70.8
5931	70.6
6017	70.2
6104	69.9
6193	69.6
6283	69.3
6375	69.1
6467	68.8
6561	68.7
6657	68.5
6754	68.3
6852	68.2
6952	68.1
7053	68.1
7155	68
7259	68.1
7365	68.1
7472	68.3
7581	68.5
7691	68.8
7803	69.1
7916	69.4
8032	69.7
8148	69.9
8267	69.9
8387	69.6
8509	69.1
8633	68.3
8758	67.4
8886	66.4
9015	65.3
9146	64.3
9279	63.2
9414	62.2
9551	61.2
9690	60.2
9831	59.3
9974	58.5
10119	57.8
10266	57.1
10416	56.4
10567	56.4
10721	56.6
10877	57.4
11035	58.8
11196	60.4
11358	61.9
11524	63.1
11691	64
11861	64.9
12034	65.8
12209	66.7
12386	67.6
12567	68.4
12749	69
12935	69.3
13123	68.9
13314	68.5
13507	67.5
13704	66.3
13903	65
14105	63.7
14311	62.4
14519	60.5
14730	60
14944	59
15162	58.1
15382	57.4
15606	56.7
15833	56.2
16063	55.7
16297	55.6
16534	55.5
16774	55.5
17018	55.8
17266	56.2
17517	56.7
17772	57.5
18030	58.4
18293	57.2
18559	57.6
18829	58
19102	57.7
19380	56.8
20000	55.6
overall dB	94.1 dB
decay	Average
averaging	No Smoothing
source	Headset Mic 1 Low Range


saved	30/7/19, 8:35 PM
peak	22.1Hz
