* Measurement data measured by REW V5.20.4
* Source: Trace Arithmetic result Merge B to A
* Format: Trace Arithmetic result Merge B to A
* Dated: 31-Mar-2022 22:51:02
* REW Settings:
*  C-weighting compensation: Off
*  Target level: 75.0 dB
* Note: Trace Arithmetic B to A at 1,000 Hz A = HD6XX R VSG to Crin B = HD6XX R VSG B was scaled by 111.3 dB
* Measurement: HD6XX R VSG to Crin
* Smoothing: 1/24 octave
* Frequency Step: 1/48 octave
* Start Frequency: 20.000 Hz
*
* Freq(Hz)	SPL(dB)
20.000000	61.325
20.299999	61.440
20.600000	61.556
20.900000	61.671
21.200001	61.786
21.400000	61.862
21.799999	62.014
22.000000	62.088
22.400000	62.235
22.700001	62.342
23.000000	62.447
23.299999	62.549
23.600000	62.648
24.000000	62.776
24.299999	62.870
24.700001	62.991
25.000000	63.081
25.400000	63.199
25.799999	63.316
26.200001	63.431
26.500000	63.517
26.900000	63.630
27.200001	63.715
27.600000	63.827
28.000000	63.938
28.500000	64.073
29.000000	64.205
29.500000	64.332
30.000000	64.456
30.400000	64.552
30.700001	64.622
31.100000	64.715
31.500000	64.804
32.000000	64.914
32.500000	65.021
33.000000	65.125
33.500000	65.227
34.000000	65.327
34.500000	65.426
35.000000	65.522
35.500000	65.618
36.000000	65.712
36.500000	65.805
37.000000	65.897
37.500000	65.988
38.200001	66.111
38.700001	66.197
39.500000	66.327
40.000000	66.404
40.599998	66.495
41.200001	66.585
41.799999	66.675
42.500000	66.781
43.099998	66.874
43.700001	66.967
44.400002	67.074
45.000000	67.164
45.500000	67.237
46.200001	67.335
46.799999	67.416
47.500000	67.506
48.200001	67.592
48.700001	67.652
49.400002	67.733
50.000000	67.800
50.799999	67.887
51.500000	67.960
52.200001	68.031
53.000000	68.110
53.799999	68.186
54.500000	68.251
55.200001	68.314
56.000000	68.383
57.000000	68.465
58.000000	68.542
59.000000	68.614
60.000000	68.680
60.799999	68.730
61.500000	68.770
62.200001	68.809
63.000000	68.850
64.000000	68.897
65.000000	68.940
66.000000	68.977
67.000000	69.008
68.000000	69.035
69.000000	69.059
70.000000	69.082
71.000000	69.108
72.000000	69.137
73.000000	69.173
74.000000	69.215
75.000000	69.263
76.199997	69.327
77.500000	69.402
78.800003	69.480
80.000000	69.555
81.199997	69.630
82.500000	69.714
83.800003	69.798
85.000000	69.876
86.199997	69.954
87.500000	70.038
88.500000	70.100
90.000000	70.191
91.199997	70.259
92.500000	70.329
93.800003	70.394
95.000000	70.450
96.199997	70.502
97.500000	70.555
98.800003	70.605
100.000000	70.648
101.500000	70.698
103.000000	70.745
104.400002	70.785
106.000000	70.827
107.500000	70.862
109.000000	70.894
110.599998	70.925
112.000000	70.949
113.800003	70.977
115.000000	70.994
117.199997	71.023
118.000000	71.033
120.599998	71.064
122.000000	71.080
124.099998	71.103
125.000000	71.112
126.500000	71.127
128.000000	71.141
131.500000	71.169
132.000000	71.173
134.000000	71.186
136.000000	71.196
138.000000	71.205
140.000000	71.212
143.000000	71.218
145.000000	71.220
147.500000	71.221
150.000000	71.219
152.500000	71.215
155.000000	71.208
157.500000	71.200
160.000000	71.189
162.500000	71.177
165.000000	71.162
167.500000	71.146
170.000000	71.129
172.500000	71.111
175.000000	71.093
177.500000	71.074
180.000000	71.055
182.500000	71.036
185.000000	71.017
187.500000	70.999
190.000000	70.980
192.500000	70.962
195.000000	70.945
197.500000	70.927
200.000000	70.910
203.000000	70.889
206.000000	70.868
209.000000	70.848
212.000000	70.828
214.000000	70.815
218.000000	70.788
220.000000	70.775
224.000000	70.748
227.000000	70.728
230.000000	70.707
233.000000	70.687
236.000000	70.667
240.000000	70.641
243.000000	70.621
247.000000	70.595
250.000000	70.576
254.000000	70.549
258.000000	70.522
262.000000	70.494
265.000000	70.473
269.000000	70.443
272.000000	70.420
276.000000	70.389
280.000000	70.356
285.000000	70.315
290.000000	70.273
295.000000	70.233
300.000000	70.195
304.000000	70.168
307.000000	70.150
311.000000	70.130
315.000000	70.115
320.000000	70.101
325.000000	70.094
330.000000	70.091
335.000000	70.093
340.000000	70.098
345.000000	70.104
350.000000	70.111
355.000000	70.119
360.000000	70.127
365.000000	70.134
370.000000	70.140
375.000000	70.145
382.000000	70.150
387.000000	70.153
395.000000	70.156
400.000000	70.157
406.000000	70.157
412.000000	70.156
418.000000	70.154
425.000000	70.152
431.000000	70.148
437.000000	70.144
444.000000	70.139
450.000000	70.135
455.000000	70.131
462.000000	70.126
468.000000	70.122
475.000000	70.117
482.000000	70.114
487.000000	70.111
494.000000	70.107
500.000000	70.104
508.000000	70.101
515.000000	70.097
522.000000	70.094
530.000000	70.090
538.000000	70.086
545.000000	70.083
552.000000	70.081
560.000000	70.079
570.000000	70.079
580.000000	70.082
590.000000	70.087
600.000000	70.096
608.000000	70.105
615.000000	70.113
622.000000	70.123
630.000000	70.133
640.000000	70.147
650.000000	70.159
660.000000	70.172
670.000000	70.185
680.000000	70.200
690.000000	70.217
700.000000	70.236
710.000000	70.257
720.000000	70.280
730.000000	70.303
740.000000	70.327
750.000000	70.349
762.000000	70.374
775.000000	70.399
788.000000	70.421
800.000000	70.440
812.000000	70.456
825.000000	70.474
838.000000	70.493
850.000000	70.514
862.000000	70.541
875.000000	70.578
885.000000	70.614
900.000000	70.680
912.000000	70.741
925.000000	70.813
938.000000	70.890
950.000000	70.962
962.000000	71.036
975.000000	71.115
988.000000	71.194
1000.000000	71.268
1015.000000	71.374
1030.000000	71.507
1044.000000	71.666
1060.000000	71.885
1075.000000	72.112
1090.000000	72.337
1106.000000	72.550
1120.000000	72.696
1138.000000	72.812
1150.000000	72.849
1172.000000	72.861
1180.000000	72.857
1206.000000	72.868
1220.000000	72.923
1241.000000	73.092
1250.000000	73.188
1265.000000	73.352
1280.000000	73.500
1315.000000	73.730
1320.000000	73.749
1340.000000	73.788
1360.000000	73.772
1380.000000	73.717
1400.000000	73.652
1430.000000	73.599
1450.000000	73.608
1475.000000	73.663
1500.000000	73.767
1525.000000	73.961
1550.000000	74.284
1575.000000	74.677
1600.000000	74.997
1625.000000	75.127
1650.000000	75.056
1675.000000	74.887
1700.000000	74.746
1725.000000	74.664
1750.000000	74.585
1775.000000	74.447
1800.000000	74.258
1825.000000	74.097
1850.000000	74.068
1875.000000	74.209
1900.000000	74.465
1925.000000	74.756
1950.000000	75.040
1975.000000	75.316
2000.000000	75.596
2030.000000	75.943
2060.000000	76.295
2090.000000	76.623
2120.000000	76.892
2140.000000	77.026
2180.000000	77.180
2200.000000	77.206
2240.000000	77.191
2270.000000	77.160
2300.000000	77.155
2330.000000	77.210
2360.000000	77.326
2400.000000	77.527
2430.000000	77.682
2470.000000	77.893
2500.000000	78.069
2540.000000	78.326
2580.000000	78.568
2620.000000	78.761
2650.000000	78.867
2690.000000	78.957
2720.000000	78.984
2760.000000	78.961
2800.000000	78.894
2850.000000	78.879
2900.000000	79.126
2950.000000	79.631
3000.000000	80.165
3040.000000	80.469
3070.000000	80.595
3110.000000	80.644
3150.000000	80.608
3200.000000	80.543
3250.000000	80.530
3300.000000	80.571
3350.000000	80.627
3400.000000	80.657
3450.000000	80.640
3500.000000	80.578
3550.000000	80.495
3600.000000	80.424
3650.000000	80.394
3700.000000	80.421
3750.000000	80.484
3820.000000	80.539
3870.000000	80.501
3950.000000	80.292
4000.000000	80.094
4060.000000	79.808
4120.000000	79.490
4180.000000	79.170
4250.000000	78.846
4310.000000	78.640
4370.000000	78.506
4440.000000	78.428
4500.000000	78.403
4550.000000	78.387
4620.000000	78.329
4680.000000	78.213
4750.000000	77.970
4820.000000	77.597
4870.000000	77.252
4940.000000	76.680
5000.000000	76.137
5080.000000	75.410
5150.000000	74.852
5220.000000	74.458
5300.000000	74.312
5380.000000	74.538
5450.000000	74.989
5520.000000	75.570
5600.000000	76.265
5700.000000	77.045
5800.000000	77.650
5900.000000	78.053
6000.000000	78.263
6080.000000	78.311
6150.000000	78.278
6220.000000	78.182
6300.000000	78.003
6400.000000	77.676
6500.000000	77.204
6600.000000	76.546
6700.000000	75.675
6800.000000	74.609
6900.000000	73.411
7000.000000	72.169
7100.000000	70.982
7200.000000	69.948
7300.000000	69.155
7400.000000	68.663
7500.000000	68.477
7620.000000	68.548
7750.000000	68.745
7880.000000	68.841
8000.000000	68.751
8120.000000	68.476
8250.000000	67.968
8380.000000	67.246
8500.000000	66.409
8620.000000	65.442
8750.000000	64.282
8850.000000	63.333
9000.000000	61.925
9120.000000	61.001
9250.000000	60.420
9380.000000	60.312
9500.000000	60.500
9620.000000	60.812
9750.000000	61.167
9880.000000	61.460
10000.000000	61.646
10150.000000	61.779
10300.000000	61.857
10440.000000	61.919
10600.000000	61.969
10750.000000	61.940
10900.000000	61.784
11060.000000	61.466
11200.000000	61.100
11380.000000	60.631
11500.000000	60.407
11720.000000	60.417
11800.000000	60.607
12060.000000	61.914
12200.000000	62.868
12410.000000	64.204
12500.000000	64.655
12650.000000	65.186
12800.000000	65.433
13150.000000	65.253
13200.000000	65.201
13400.000000	65.115
13600.000000	65.340
13800.000000	65.851
14000.000000	66.467
14300.000000	67.176
14500.000000	67.334
14750.000000	67.127
15000.000000	66.561
15250.000000	65.880
15500.000000	65.521
15750.000000	65.831
16000.000000	66.549
16250.000000	67.148
16500.000000	67.414
16750.000000	67.419
17000.000000	67.255
17250.000000	66.889
17500.000000	66.224
17750.000000	65.217
18000.000000	63.914
18250.000000	62.438
18500.000000	60.953
18750.000000	59.619
19000.000000	58.575
19250.000000	57.945
19500.000000	57.744
19750.000000	57.798
