* Measurement data measured by REW V5.20
* Source: USB-C to 3.5mm Headphone Jack Adapter, USB-C to 3.5mm Headphone Jack Adapter, 0, volume: 0.138
* Format: 256k Log Swept Sine, 1 sweep at -12.0 dBFS with no timing reference
* Dated: Jun 12, 2021 12:49:45 PM
* REW Settings:
*  C-weighting compensation: Off
*  Target level: 75.0 dB
* Note: ; 
* Measurement: V14 (0000)
* Smoothing: None
* Frequency Step: 1/48 octave
* Start Frequency: 20.300 Hz
*
* Freq(Hz)	SPL(dB)	Phase(degrees)
20.299999	104.120117	10.9939
20.600000	104.124428	10.5307
20.900000	104.124237	10.1629
21.200001	104.127510	9.8207
21.400000	104.132950	9.5906
21.799999	104.149513	9.0977
22.000000	104.158821	8.8294
22.400000	104.175095	8.2559
22.700001	104.182129	7.8114
23.000000	104.184067	7.3732
23.299999	104.181984	6.9547
23.600000	104.178322	6.5619
24.000000	104.175873	6.0685
24.299999	104.177948	5.7006
24.700001	104.184021	5.1802
25.000000	104.185440	4.7618
25.400000	104.173035	4.2028
25.799999	104.137268	3.7453
26.200001	104.084724	3.5090
26.500000	104.046928	3.5065
26.900000	104.019440	3.6609
27.200001	104.024902	3.7895
27.600000	104.064453	3.7925
28.000000	104.124313	3.4831
28.500000	104.196655	2.6669
29.000000	104.248901	1.5782
29.500000	104.282249	0.4132
30.000000	104.294975	-0.7071
30.400000	104.284401	-1.4989
30.700001	104.264557	-1.9848
31.100000	104.230766	-2.4531
31.500000	104.205292	-2.7493
32.000000	104.203537	-3.0647
32.500000	104.227203	-3.5406
33.000000	104.244484	-4.2044
33.500000	104.236893	-4.8768
34.000000	104.213737	-5.3919
34.500000	104.192245	-5.7655
35.000000	104.175911	-6.1260
35.500000	104.158173	-6.5460
36.000000	104.139420	-7.0070
36.500000	104.128922	-7.4840
37.000000	104.130760	-7.9854
37.500000	104.136627	-8.5075
38.200001	104.130760	-9.1793
38.700001	104.114288	-9.5663
39.500000	104.082550	-10.1169
40.000000	104.064598	-10.5070
40.599998	104.044952	-11.0371
41.200001	104.028030	-11.5730
41.799999	104.015793	-12.0619
42.500000	104.006218	-12.5872
43.099998	103.994675	-13.0477
43.700001	103.973846	-13.5174
44.400002	103.944901	-14.0218
45.000000	103.928864	-14.4255
45.500000	103.922180	-14.7892
46.200001	103.909607	-15.3587
46.799999	103.888275	-15.8417
47.500000	103.859222	-16.3423
48.200001	103.834541	-16.8163
48.700001	103.818642	-17.1633
49.400002	103.797318	-17.6682
50.000000	103.778152	-18.1335
50.799999	103.742233	-18.7581
51.500000	103.706924	-19.1950
52.200001	103.686218	-19.5715
53.000000	103.665771	-20.1281
53.799999	103.618271	-20.7198
54.500000	103.574196	-21.1032
55.200001	103.547493	-21.4400
56.000000	103.522232	-21.8665
57.000000	103.480331	-22.4694
58.000000	103.416504	-23.1883
59.000000	103.359634	-23.7337
60.000000	103.352600	-24.2578
60.799999	103.334305	-24.7575
61.500000	103.301010	-25.0941
62.200001	103.272713	-25.3703
63.000000	103.244911	-25.7656
64.000000	103.192413	-26.3321
65.000000	103.133858	-26.8384
66.000000	103.080948	-27.3567
67.000000	103.024277	-27.8634
68.000000	102.971718	-28.3435
69.000000	102.928085	-28.8238
70.000000	102.892967	-29.2882
71.000000	102.853088	-29.7392
72.000000	102.804947	-30.1728
73.000000	102.755302	-30.6019
74.000000	102.710861	-31.0293
75.000000	102.662415	-31.4871
76.199997	102.601059	-31.9759
77.500000	102.540710	-32.5208
78.800003	102.468857	-33.0014
80.000000	102.405197	-33.4154
81.199997	102.340294	-33.8579
82.500000	102.264580	-34.2959
83.800003	102.194633	-34.6732
85.000000	102.120224	-34.9527
86.199997	102.052017	-35.1680
87.500000	101.987663	-35.3118
88.500000	101.939743	-35.3312
90.000000	101.908722	-35.3601
91.199997	101.913437	-35.4417
92.500000	101.955627	-35.4399
93.800003	101.987305	-35.9163
95.000000	102.014725	-36.6122
96.199997	102.026802	-37.4096
97.500000	101.995522	-38.1303
98.800003	101.933441	-38.9025
100.000000	101.884308	-39.5487
101.500000	101.810143	-40.2677
103.000000	101.736946	-40.8845
104.400002	101.664322	-41.4573
106.000000	101.585373	-42.0580
107.500000	101.508789	-42.5608
109.000000	101.436798	-43.0632
110.599998	101.355934	-43.5505
112.000000	101.286598	-43.9545
113.800003	101.200661	-44.4374
115.000000	101.144165	-44.7469
117.199997	101.043404	-45.2886
118.000000	101.006676	-45.4818
120.599998	100.912445	-46.0682
122.000000	100.847656	-46.2989
124.099998	100.774147	-46.8428
125.000000	100.743462	-47.0683
126.500000	100.688934	-47.4433
128.000000	100.630943	-47.8359
131.500000	100.488091	-48.7075
132.000000	100.466866	-48.8271
134.000000	100.382919	-49.2798
136.000000	100.298782	-49.7110
138.000000	100.216789	-50.1433
140.000000	100.133713	-50.5341
143.000000	100.010048	-51.1039
145.000000	99.929527	-51.4559
147.500000	99.829742	-51.8738
150.000000	99.735207	-52.2707
152.500000	99.639771	-52.6782
155.000000	99.544121	-53.0783
157.500000	99.450798	-53.4753
160.000000	99.359421	-53.8471
162.500000	99.262733	-54.2112
165.000000	99.167557	-54.5428
167.500000	99.072464	-54.8590
170.000000	98.974136	-55.1396
172.500000	98.878326	-55.4102
175.000000	98.779755	-55.6404
177.500000	98.678619	-55.8350
180.000000	98.585152	-55.9560
182.500000	98.477303	-55.9850
185.000000	98.377769	-55.8733
187.500000	98.296616	-55.6122
190.000000	98.244888	-55.1729
192.500000	98.260605	-54.6467
195.000000	98.332581	-54.4729
197.500000	98.434875	-54.8333
200.000000	98.486252	-55.6502
203.000000	98.470924	-56.7670
206.000000	98.402817	-57.7280
209.000000	98.313240	-58.4863
212.000000	98.215813	-59.0945
214.000000	98.151886	-59.4328
218.000000	98.027779	-60.0133
220.000000	97.968483	-60.2678
224.000000	97.854538	-60.7335
227.000000	97.774315	-61.0478
230.000000	97.694107	-61.3403
233.000000	97.616058	-61.6133
236.000000	97.543961	-61.8738
240.000000	97.451828	-62.2240
243.000000	97.375885	-62.4444
247.000000	97.287239	-62.7438
250.000000	97.223450	-62.9583
254.000000	97.138458	-63.2487
258.000000	97.058273	-63.5206
262.000000	96.977577	-63.7675
265.000000	96.921638	-63.9717
269.000000	96.845642	-64.1977
272.000000	96.791153	-64.3772
276.000000	96.721329	-64.6065
280.000000	96.650528	-64.8472
285.000000	96.566063	-65.1051
290.000000	96.486557	-65.3559
295.000000	96.408325	-65.6076
300.000000	96.333580	-65.8699
304.000000	96.273819	-66.0424
307.000000	96.231239	-66.1900
311.000000	96.175911	-66.3650
315.000000	96.121559	-66.5467
320.000000	96.056458	-66.7515
325.000000	95.992165	-66.9519
330.000000	95.932816	-67.1504
335.000000	95.876060	-67.3400
340.000000	95.818115	-67.5313
345.000000	95.764183	-67.7020
350.000000	95.708275	-67.8848
355.000000	95.661598	-68.0632
360.000000	95.612160	-68.2206
365.000000	95.562019	-68.3784
370.000000	95.518692	-68.5418
375.000000	95.475800	-68.6954
382.000000	95.416924	-68.8922
387.000000	95.378174	-69.0429
395.000000	95.317688	-69.2681
400.000000	95.284317	-69.4145
406.000000	95.240982	-69.5696
412.000000	95.203651	-69.7169
418.000000	95.162979	-69.8629
425.000000	95.124687	-70.0348
431.000000	95.093094	-70.1590
437.000000	95.060158	-70.3100
444.000000	95.025734	-70.4521
450.000000	94.996918	-70.5545
455.000000	94.974319	-70.6766
462.000000	94.946518	-70.7897
468.000000	94.921837	-70.9072
475.000000	94.896523	-71.0322
482.000000	94.873711	-71.1498
487.000000	94.854538	-71.2310
494.000000	94.833855	-71.3532
500.000000	94.816933	-71.4487
508.000000	94.796799	-71.5463
515.000000	94.780533	-71.6325
522.000000	94.761688	-71.7256
530.000000	94.746353	-71.8033
538.000000	94.735603	-71.8722
545.000000	94.725151	-71.9316
552.000000	94.715340	-71.9729
560.000000	94.708984	-72.0061
570.000000	94.701424	-72.0409
580.000000	94.698090	-72.0461
590.000000	94.702499	-72.0569
600.000000	94.711716	-72.0325
608.000000	94.722778	-72.0183
615.000000	94.728195	-71.9841
622.000000	94.744247	-71.9915
630.000000	94.762985	-71.9517
640.000000	94.790108	-71.9331
650.000000	94.824059	-71.9229
660.000000	94.861916	-71.9109
670.000000	94.895988	-71.9176
680.000000	94.936974	-71.9319
690.000000	94.979904	-71.9648
700.000000	95.022453	-71.9974
710.000000	95.068314	-72.0643
720.000000	95.108017	-72.0971
730.000000	95.159210	-72.1551
740.000000	95.205261	-72.2133
750.000000	95.251205	-72.2797
762.000000	95.309990	-72.3326
775.000000	95.371429	-72.4120
788.000000	95.433403	-72.4819
800.000000	95.491707	-72.5332
812.000000	95.552528	-72.5823
825.000000	95.620987	-72.6295
838.000000	95.690361	-72.6734
850.000000	95.754868	-72.6967
862.000000	95.822052	-72.7402
875.000000	95.898285	-72.7824
885.000000	95.956985	-72.7974
900.000000	96.047508	-72.8374
912.000000	96.121712	-72.8601
925.000000	96.201889	-72.9067
938.000000	96.293922	-72.9247
950.000000	96.375824	-72.9738
962.000000	96.458588	-73.0086
975.000000	96.551712	-73.0843
988.000000	96.644753	-73.1488
1000.000000	96.733902	-73.2218
1015.000000	96.847198	-73.3542
1030.000000	96.960815	-73.4848
1044.000000	97.068031	-73.6422
1060.000000	97.192329	-73.8471
1075.000000	97.310043	-74.0664
1090.000000	97.424171	-74.3341
1106.000000	97.546814	-74.6142
1120.000000	97.650177	-74.9182
1138.000000	97.781204	-75.3097
1150.000000	97.865776	-75.5872
1172.000000	98.019257	-76.1356
1180.000000	98.070602	-76.3612
1206.000000	98.230698	-77.0696
1220.000000	98.315590	-77.4739
1241.000000	98.429977	-78.0783
1250.000000	98.476654	-78.3374
1265.000000	98.551254	-78.7833
1280.000000	98.623367	-79.2061
1315.000000	98.768303	-80.1944
1320.000000	98.790634	-80.3194
1340.000000	98.862648	-80.8622
1360.000000	98.930359	-81.3835
1380.000000	98.993950	-81.8834
1400.000000	99.050453	-82.3284
1430.000000	99.131844	-82.9761
1450.000000	99.180054	-83.3602
1475.000000	99.240623	-83.8155
1500.000000	99.297501	-84.2178
1525.000000	99.351837	-84.5999
1550.000000	99.406578	-84.9570
1575.000000	99.461395	-85.2583
1600.000000	99.515961	-85.5438
1625.000000	99.567322	-85.8041
1650.000000	99.621407	-86.0375
1675.000000	99.677109	-86.2847
1700.000000	99.731384	-86.5089
1725.000000	99.787743	-86.7350
1750.000000	99.844200	-86.9421
1775.000000	99.898857	-87.1480
1800.000000	99.955620	-87.3563
1825.000000	100.011032	-87.5591
1850.000000	100.066467	-87.7577
1875.000000	100.122162	-87.9728
1900.000000	100.178780	-88.2249
1925.000000	100.232330	-88.4667
1950.000000	100.285156	-88.7193
1975.000000	100.335808	-88.9869
2000.000000	100.383713	-89.2807
2030.000000	100.440079	-89.6544
2060.000000	100.490860	-90.0431
2090.000000	100.534531	-90.4753
2120.000000	100.570335	-90.9192
2140.000000	100.591980	-91.2405
2180.000000	100.619431	-91.8857
2200.000000	100.627365	-92.2324
2240.000000	100.627457	-92.9348
2270.000000	100.615829	-93.4840
2300.000000	100.588203	-94.0253
2330.000000	100.544731	-94.5508
2360.000000	100.488922	-95.0506
2400.000000	100.387016	-95.6394
2430.000000	100.297485	-96.0081
2470.000000	100.163498	-96.4370
2500.000000	100.049347	-96.7243
2540.000000	99.863441	-97.0388
2580.000000	99.626701	-97.1555
2620.000000	99.349144	-96.8388
2650.000000	99.135414	-96.2468
2690.000000	98.869415	-95.0375
2720.000000	98.698166	-93.8558
2760.000000	98.510864	-92.0480
2800.000000	98.372482	-90.0794
2850.000000	98.263191	-87.5614
2900.000000	98.208374	-84.9710
2950.000000	98.204613	-82.3711
3000.000000	98.258537	-79.7627
3040.000000	98.343689	-77.7877
3070.000000	98.429588	-76.3792
3110.000000	98.569046	-74.6902
3150.000000	98.728081	-73.1550
3200.000000	98.942429	-71.5839
3250.000000	99.161148	-70.3411
3300.000000	99.365829	-69.4534
3350.000000	99.537346	-68.7957
3400.000000	99.672256	-68.2523
3450.000000	99.771164	-67.7052
3500.000000	99.844658	-67.0868
3550.000000	99.894073	-66.3556
3600.000000	99.933540	-65.4693
3650.000000	99.972717	-64.3519
3700.000000	100.034286	-63.0534
3750.000000	100.135666	-61.6214
3820.000000	100.345459	-59.7292
3870.000000	100.529388	-58.5901
3950.000000	100.858246	-57.1969
4000.000000	101.074951	-56.5936
4060.000000	101.335861	-56.1757
4120.000000	101.590675	-56.1011
4180.000000	101.828728	-56.3728
4250.000000	102.068825	-57.1509
4310.000000	102.225975	-58.1723
4370.000000	102.323502	-59.4879
4440.000000	102.338882	-61.3094
4500.000000	102.255417	-62.9404
4550.000000	102.113113	-64.2791
4620.000000	101.802811	-65.8658
4680.000000	101.443726	-66.8032
4750.000000	100.939728	-67.1934
4820.000000	100.377609	-66.7470
4870.000000	99.966797	-65.8683
4940.000000	99.394348	-63.8658
5000.000000	98.929077	-61.4904
5080.000000	98.375038	-57.4833
5150.000000	97.974243	-53.2980
5220.000000	97.672905	-48.6107
5300.000000	97.456100	-42.8059
5380.000000	97.393021	-36.7390
5450.000000	97.473778	-31.4283
5520.000000	97.675293	-26.2468
5600.000000	98.054787	-20.7695
5700.000000	98.717194	-14.9740
5800.000000	99.526413	-10.7210
5900.000000	100.388939	-8.4469
6000.000000	101.182808	-8.1256
6080.000000	101.677551	-9.0547
6150.000000	101.968658	-10.4043
6220.000000	102.107513	-11.9053
6300.000000	102.101257	-13.3874
6400.000000	101.907379	-14.3730
6500.000000	101.601860	-14.2052
6600.000000	101.268974	-12.8409
6700.000000	100.967140	-10.5158
6800.000000	100.741165	-7.4179
6900.000000	100.608521	-3.7770
7000.000000	100.590866	0.2699
7100.000000	100.685318	4.4655
7200.000000	100.893135	8.8302
7300.000000	101.269173	13.1225
7400.000000	101.816811	16.9603
7500.000000	102.545845	19.8412
7620.000000	103.591141	20.8375
7750.000000	104.540306	18.6808
7880.000000	105.228531	15.5447
8000.000000	105.810165	11.4799
8120.000000	106.204414	5.2641
8250.000000	106.112404	-3.0962
8380.000000	105.404388	-10.7956
8500.000000	104.376595	-15.6799
8620.000000	103.189613	-18.1179
8750.000000	101.884995	-18.2921
8850.000000	100.933838	-16.9828
9000.000000	99.660751	-13.2717
9120.000000	98.800568	-9.3504
9250.000000	98.022476	-4.3028
9380.000000	97.417145	1.1528
9500.000000	96.995903	6.3960
9620.000000	96.719505	11.6535
9750.000000	96.574005	17.1793
9880.000000	96.598579	22.2160
10000.000000	96.756409	26.2615
10150.000000	97.114189	29.8274
10300.000000	97.547333	30.9417
10440.000000	97.795517	29.3394
10600.000000	97.543617	25.8023
10750.000000	96.729172	23.8416
10900.000000	95.690063	25.3332
11060.000000	94.766068	30.2714
11200.000000	94.259613	36.1894
11380.000000	94.066719	44.0785
11500.000000	94.178513	48.9482
11720.000000	94.763954	55.7610
11800.000000	95.064865	57.3700
12060.000000	96.119888	59.6432
12200.000000	96.698555	58.8265
12410.000000	97.403297	54.6379
12500.000000	97.585205	52.0806
12650.000000	97.697777	47.3737
12800.000000	97.610931	42.5898
13150.000000	96.988045	32.1600
13200.000000	96.874069	30.7289
13400.000000	96.391449	24.5913
13600.000000	95.808289	17.5322
13800.000000	94.973381	9.3603
14000.000000	93.746544	0.8001
14300.000000	91.254860	-9.3695
14500.000000	89.404289	-13.1190
14750.000000	87.220016	-14.7286
15000.000000	85.435059	-14.0316
15250.000000	84.199554	-13.3809
15500.000000	83.373795	-14.9915
15750.000000	82.536179	-19.5918
16000.000000	81.280624	-24.9158
16250.000000	80.036270	-27.3025
16500.000000	79.239487	-27.7904
16750.000000	78.789566	-29.0686
17000.000000	78.944984	-30.8472
17250.000000	79.566757	-35.5798
17500.000000	80.417801	-44.7618
17750.000000	81.291649	-58.4993
18000.000000	82.320053	-76.9644
18250.000000	83.373283	-104.1859
18500.000000	83.438881	-142.7588
18750.000000	81.335617	173.1851
19000.000000	77.867409	132.3401
19250.000000	73.835381	92.3698
19500.000000	69.333588	47.5778
19750.000000	63.649628	-0.8611
