* Measurement data measured by REW V5.20
* Source: USB-C to 3.5mm Headphone Jack Adapter, USB-C to 3.5mm Headphone Jack Adapter, 0, volume: 0.138
* Format: 256k Log Swept Sine, 1 sweep at -12.0 dBFS with no timing reference
* Dated: Jun 12, 2021 12:44:52 PM
* REW Settings:
*  C-weighting compensation: Off
*  Target level: 75.0 dB
* Note: ; 
* Measurement: VX 001
* Smoothing: None
* Frequency Step: 1/48 octave
* Start Frequency: 20.300 Hz
*
* Freq(Hz)	SPL(dB)	Phase(degrees)
20.299999	106.996857	12.1852
20.600000	106.971619	11.4303
20.900000	106.952370	10.6217
21.200001	106.950989	9.7931
21.400000	106.964363	9.2756
21.799999	107.027100	8.4124
22.000000	107.073349	8.0867
22.400000	107.178574	7.6371
22.700001	107.246414	7.4404
23.000000	107.286568	7.3288
23.299999	107.289284	7.2741
23.600000	107.255096	7.2465
24.000000	107.173225	7.1698
24.299999	107.109238	6.9898
24.700001	107.052948	6.4527
25.000000	107.043755	5.7986
25.400000	107.073792	4.6960
25.799999	107.135468	3.6198
26.200001	107.209862	2.8878
26.500000	107.266075	2.6542
26.900000	107.331779	2.6766
27.200001	107.364914	2.8071
27.600000	107.370110	2.9115
28.000000	107.321045	2.8121
28.500000	107.207108	2.4216
29.000000	107.118820	1.8725
29.500000	107.129898	1.1719
30.000000	107.222870	0.2483
30.400000	107.294586	-0.5741
30.700001	107.316101	-1.1256
31.100000	107.290253	-1.6369
31.500000	107.222626	-1.8511
32.000000	107.138344	-1.9278
32.500000	107.097015	-2.2087
33.000000	107.090485	-2.8582
33.500000	107.094978	-3.5931
34.000000	107.109695	-4.0609
34.500000	107.141418	-4.2750
35.000000	107.167595	-4.5444
35.500000	107.149002	-5.0389
36.000000	107.081665	-5.6104
36.500000	107.013275	-6.0526
37.000000	106.995590	-6.3889
37.500000	107.026947	-6.7930
38.200001	107.061584	-7.4912
38.700001	107.045204	-7.8842
39.500000	107.002930	-8.3273
40.000000	106.989525	-8.7331
40.599998	106.971458	-9.3488
41.200001	106.951103	-9.8477
41.799999	106.943924	-10.2025
42.500000	106.933983	-10.6963
43.099998	106.897842	-11.1864
43.700001	106.856941	-11.5834
44.400002	106.843285	-12.0086
45.000000	106.843224	-12.4651
45.500000	106.830551	-12.8448
46.200001	106.800621	-13.2648
46.799999	106.780243	-13.6074
47.500000	106.755096	-14.0909
48.200001	106.721664	-14.5453
48.700001	106.701431	-14.8145
49.400002	106.680115	-15.1917
50.000000	106.659393	-15.5299
50.799999	106.629082	-15.9644
51.500000	106.602165	-16.3759
52.200001	106.568169	-16.8131
53.000000	106.531738	-17.2840
53.799999	106.504799	-17.7702
54.500000	106.477707	-18.1542
55.200001	106.453209	-18.4526
56.000000	106.424637	-18.8412
57.000000	106.357285	-19.2983
58.000000	106.321564	-19.6272
59.000000	106.289948	-20.2195
60.000000	106.247116	-20.6240
60.799999	106.217239	-21.1850
61.500000	106.127480	-21.6239
62.200001	106.063812	-21.5464
63.000000	106.098518	-21.7950
64.000000	105.989555	-22.6739
65.000000	105.918266	-22.0701
66.000000	105.975670	-23.0708
67.000000	105.769676	-23.1247
68.000000	105.925537	-22.3366
69.000000	105.862991	-23.6887
70.000000	105.742126	-22.4292
71.000000	106.033981	-23.2315
72.000000	105.883881	-25.2118
73.000000	105.822411	-24.4459
74.000000	105.983849	-25.4508
75.000000	105.815910	-26.7359
76.199997	105.726196	-26.3489
77.500000	105.757233	-27.5181
78.800003	105.624725	-28.2582
80.000000	105.558105	-28.3529
81.199997	105.542694	-28.8763
82.500000	105.461960	-29.6196
83.800003	105.379776	-29.9497
85.000000	105.321182	-30.2269
86.199997	105.281616	-30.7311
87.500000	105.204720	-31.2332
88.500000	105.149254	-31.5171
90.000000	105.064110	-31.8162
91.199997	105.011299	-32.1555
92.500000	104.950340	-32.5394
93.800003	104.892693	-32.9374
95.000000	104.815247	-33.1887
96.199997	104.744553	-33.4072
97.500000	104.674492	-33.6437
98.800003	104.617455	-33.8485
100.000000	104.550224	-34.0268
101.500000	104.476212	-34.3397
103.000000	104.400085	-34.5032
104.400002	104.309639	-34.6048
106.000000	104.216530	-34.5960
107.500000	104.144051	-34.3351
109.000000	104.107224	-33.7720
110.599998	104.188492	-33.3045
112.000000	104.323235	-33.3873
113.800003	104.424011	-34.5070
115.000000	104.436798	-35.4333
117.199997	104.354721	-36.7712
118.000000	104.308502	-37.2096
120.599998	104.164276	-38.1537
122.000000	104.089966	-38.5569
124.099998	103.979736	-39.0500
125.000000	103.938568	-39.2450
126.500000	103.869202	-39.5716
128.000000	103.801598	-39.8496
131.500000	103.655174	-40.5287
132.000000	103.637222	-40.6361
134.000000	103.555077	-41.0012
136.000000	103.479294	-41.3605
138.000000	103.402145	-41.6509
140.000000	103.318909	-41.9762
143.000000	103.198380	-42.4104
145.000000	103.123032	-42.7010
147.500000	103.031418	-43.0214
150.000000	102.934639	-43.3188
152.500000	102.845558	-43.6623
155.000000	102.754547	-43.9233
157.500000	102.656441	-44.2370
160.000000	102.568024	-44.4895
162.500000	102.475517	-44.6945
165.000000	102.387932	-44.9192
167.500000	102.304382	-45.0732
170.000000	102.224808	-45.2036
172.500000	102.155701	-45.3131
175.000000	102.091820	-45.4756
177.500000	102.019226	-45.7187
180.000000	101.948700	-45.9848
182.500000	101.874336	-46.2191
185.000000	101.792236	-46.4039
187.500000	101.712982	-46.5939
190.000000	101.637352	-46.7729
192.500000	101.558029	-46.9068
195.000000	101.478683	-47.0630
197.500000	101.403481	-47.2223
200.000000	101.332520	-47.3272
203.000000	101.244720	-47.4912
206.000000	101.157410	-47.6134
209.000000	101.065903	-47.6856
212.000000	100.976318	-47.7820
214.000000	100.922615	-47.8073
218.000000	100.805428	-47.8125
220.000000	100.749657	-47.8088
224.000000	100.635345	-47.6955
227.000000	100.559425	-47.5720
230.000000	100.487549	-47.3920
233.000000	100.439514	-47.1955
236.000000	100.393982	-47.0651
240.000000	100.342995	-46.9032
243.000000	100.311035	-46.8258
247.000000	100.263222	-46.6772
250.000000	100.247627	-46.5138
254.000000	100.258018	-46.4514
258.000000	100.279961	-46.6835
262.000000	100.264877	-47.2078
265.000000	100.223045	-47.6372
269.000000	100.158798	-48.0655
272.000000	100.098877	-48.3095
276.000000	100.016541	-48.5680
280.000000	99.933037	-48.7509
285.000000	99.833473	-48.9038
290.000000	99.744186	-49.0373
295.000000	99.655914	-49.0658
300.000000	99.564392	-49.1234
304.000000	99.506699	-49.1228
307.000000	99.452446	-49.1455
311.000000	99.392746	-49.0537
315.000000	99.331871	-49.1193
320.000000	99.259415	-49.0023
325.000000	99.192070	-49.0551
330.000000	99.123192	-48.9749
335.000000	99.063385	-48.8902
340.000000	99.010468	-48.8712
345.000000	98.944740	-48.8396
350.000000	98.890961	-48.7032
355.000000	98.847679	-48.6437
360.000000	98.795937	-48.6149
365.000000	98.740372	-48.5093
370.000000	98.697006	-48.3690
375.000000	98.662109	-48.3013
382.000000	98.595963	-48.2361
387.000000	98.554123	-48.1253
395.000000	98.500237	-47.9105
400.000000	98.460243	-47.8474
406.000000	98.416168	-47.7933
412.000000	98.378113	-47.5720
418.000000	98.323975	-47.4058
425.000000	98.299416	-47.3601
431.000000	98.259933	-47.1847
437.000000	98.223717	-47.0299
444.000000	98.181335	-47.0042
450.000000	98.162155	-46.7702
455.000000	98.144318	-46.7022
462.000000	98.084175	-46.4925
468.000000	98.049881	-46.3416
475.000000	98.013809	-46.1805
482.000000	97.975594	-45.9124
487.000000	97.939285	-45.7339
494.000000	97.891548	-45.4861
500.000000	97.860458	-45.2406
508.000000	97.821808	-44.8820
515.000000	97.785767	-44.4960
522.000000	97.742783	-44.1358
530.000000	97.719688	-43.6146
538.000000	97.695366	-43.0540
545.000000	97.687981	-42.5530
552.000000	97.681503	-42.1053
560.000000	97.683548	-41.5186
570.000000	97.708298	-40.7724
580.000000	97.740562	-40.0549
590.000000	97.777023	-39.3932
600.000000	97.823250	-38.7536
608.000000	97.863770	-38.2148
615.000000	97.903946	-37.7741
622.000000	97.942490	-37.3880
630.000000	97.990753	-37.0109
640.000000	98.062065	-36.4890
650.000000	98.133942	-36.0125
660.000000	98.204811	-35.5603
670.000000	98.275818	-35.1333
680.000000	98.351303	-34.7489
690.000000	98.430138	-34.3645
700.000000	98.504135	-33.9805
710.000000	98.583839	-33.6342
720.000000	98.663933	-33.3019
730.000000	98.745689	-32.9663
740.000000	98.821709	-32.6481
750.000000	98.903404	-32.3549
762.000000	98.998894	-31.9778
775.000000	99.101051	-31.6043
788.000000	99.205101	-31.2513
800.000000	99.297462	-30.8923
812.000000	99.394363	-30.6083
825.000000	99.502205	-30.2865
838.000000	99.610497	-29.9561
850.000000	99.708961	-29.6831
862.000000	99.804276	-29.4085
875.000000	99.908562	-29.1023
885.000000	99.991562	-28.8874
900.000000	100.110191	-28.5854
912.000000	100.208603	-28.3605
925.000000	100.312973	-28.1040
938.000000	100.419640	-27.8664
950.000000	100.514542	-27.6627
962.000000	100.611801	-27.4774
975.000000	100.718094	-27.2892
988.000000	100.821037	-27.0933
1000.000000	100.916519	-26.9355
1015.000000	101.032761	-26.7767
1030.000000	101.149750	-26.6236
1044.000000	101.255684	-26.5039
1060.000000	101.373901	-26.3725
1075.000000	101.480774	-26.2902
1090.000000	101.583603	-26.2300
1106.000000	101.690376	-26.1746
1120.000000	101.776154	-26.1441
1138.000000	101.881073	-26.1181
1150.000000	101.947769	-26.1169
1172.000000	102.061317	-26.1437
1180.000000	102.098083	-26.1367
1206.000000	102.210297	-26.1462
1220.000000	102.263206	-26.1663
1241.000000	102.334946	-26.1658
1250.000000	102.360451	-26.1554
1265.000000	102.400475	-26.1309
1280.000000	102.433975	-26.0954
1315.000000	102.495895	-25.9344
1320.000000	102.503792	-25.8893
1340.000000	102.526070	-25.7495
1360.000000	102.543053	-25.5440
1380.000000	102.555878	-25.3024
1400.000000	102.563438	-24.9937
1430.000000	102.571152	-24.4164
1450.000000	102.583862	-23.9804
1475.000000	102.599052	-23.4610
1500.000000	102.604240	-22.9278
1525.000000	102.600708	-22.3377
1550.000000	102.595711	-21.6764
1575.000000	102.589058	-20.9496
1600.000000	102.581963	-20.1917
1625.000000	102.578133	-19.4005
1650.000000	102.572220	-18.5538
1675.000000	102.568588	-17.6977
1700.000000	102.567978	-16.8145
1725.000000	102.569038	-15.9200
1750.000000	102.567146	-14.9915
1775.000000	102.566849	-14.0707
1800.000000	102.571266	-13.1373
1825.000000	102.573318	-12.2104
1850.000000	102.575645	-11.2718
1875.000000	102.576073	-10.3344
1900.000000	102.577156	-9.3951
1925.000000	102.574463	-8.4728
1950.000000	102.566467	-7.5225
1975.000000	102.555885	-6.5902
2000.000000	102.541565	-5.6656
2030.000000	102.517197	-4.5465
2060.000000	102.488373	-3.4234
2090.000000	102.451874	-2.2730
2120.000000	102.407417	-1.1402
2140.000000	102.371384	-0.3594
2180.000000	102.284348	1.2581
2200.000000	102.231544	2.0880
2240.000000	102.112732	3.8619
2270.000000	102.010513	5.3142
2300.000000	101.904999	6.9116
2330.000000	101.800232	8.6813
2360.000000	101.715775	10.5839
2400.000000	101.645935	13.0491
2430.000000	101.586563	14.7297
2470.000000	101.469200	16.9627
2500.000000	101.355347	18.7479
2540.000000	101.189682	21.3803
2580.000000	101.020233	24.3521
2620.000000	100.867355	27.6334
2650.000000	100.764877	30.3004
2690.000000	100.666641	34.1067
2720.000000	100.623940	37.0980
2760.000000	100.622528	41.2069
2800.000000	100.691345	45.3094
2850.000000	100.859573	50.1409
2900.000000	101.098923	54.4977
2950.000000	101.360916	58.2819
3000.000000	101.609604	61.5558
3040.000000	101.795425	63.9262
3070.000000	101.926071	65.5274
3110.000000	102.071716	67.4425
3150.000000	102.163940	69.2893
3200.000000	102.221008	71.7619
3250.000000	102.263763	74.4042
3300.000000	102.297226	77.1713
3350.000000	102.322113	80.0881
3400.000000	102.357117	83.0783
3450.000000	102.396500	86.0791
3500.000000	102.439117	89.0854
3550.000000	102.482124	92.0987
3600.000000	102.524887	95.1021
3650.000000	102.561760	98.0853
3700.000000	102.589386	101.0333
3750.000000	102.600456	104.0896
3820.000000	102.603233	108.9425
3870.000000	102.687599	112.9193
3950.000000	103.084045	118.7733
4000.000000	103.408134	121.4426
4060.000000	103.779625	123.6209
4120.000000	104.094498	124.8123
4180.000000	104.309227	125.1329
4250.000000	104.365501	124.6363
4310.000000	104.204811	123.8362
4370.000000	103.832527	123.1718
4440.000000	103.155945	123.1798
4500.000000	102.422722	124.2358
4550.000000	101.739334	125.9322
4620.000000	100.730255	129.5656
4680.000000	99.847397	133.7623
4750.000000	98.820747	139.9427
4820.000000	97.832016	147.4173
4870.000000	97.168747	153.4952
4940.000000	96.317123	162.9474
5000.000000	95.675087	171.8454
5080.000000	94.983124	-175.0424
5150.000000	94.574982	-162.6801
5220.000000	94.389145	-149.6550
5300.000000	94.496902	-134.5442
5380.000000	94.948151	-119.9572
5450.000000	95.580292	-108.0541
5520.000000	96.372971	-97.2116
5600.000000	97.432396	-86.3061
5700.000000	98.899559	-75.0521
5800.000000	100.381348	-66.4334
5900.000000	101.785660	-60.0789
6000.000000	103.060417	-55.7615
6080.000000	103.924301	-53.6790
6150.000000	104.520836	-52.5362
6220.000000	104.951645	-51.7635
6300.000000	105.241501	-50.9113
6400.000000	105.344650	-49.2728
6500.000000	105.249245	-46.5591
6600.000000	105.051811	-42.5919
6700.000000	104.840790	-37.4785
6800.000000	104.669144	-31.4522
6900.000000	104.570999	-24.7349
7000.000000	104.572632	-17.5817
7100.000000	104.682251	-10.2235
7200.000000	104.906982	-2.9232
7300.000000	105.253464	4.0244
7400.000000	105.703476	10.3059
7500.000000	106.233009	15.6354
7620.000000	106.909889	20.2606
7750.000000	107.540840	22.6211
7880.000000	107.800072	22.4836
8000.000000	107.517761	21.6421
8120.000000	106.770874	22.0605
8250.000000	105.672256	25.1296
8380.000000	104.520020	30.8629
8500.000000	103.523872	37.8470
8620.000000	102.617615	45.8937
8750.000000	101.758698	55.4559
8850.000000	101.180435	63.2845
9000.000000	100.435326	75.4217
9120.000000	99.972763	85.2520
9250.000000	99.577637	95.7723
9380.000000	99.237221	105.8173
9500.000000	98.957245	114.6534
9620.000000	98.691772	122.8080
9750.000000	98.313690	130.9285
9880.000000	97.719597	138.8757
10000.000000	96.968719	146.9839
10150.000000	95.893204	159.5983
10300.000000	94.960381	175.2344
10440.000000	94.414055	-168.3571
10600.000000	94.252853	-148.8904
10750.000000	94.509605	-131.3072
10900.000000	95.039230	-114.8163
11060.000000	95.842102	-98.7214
11200.000000	96.693382	-85.8618
11380.000000	97.938232	-71.1139
11500.000000	98.849991	-62.5708
11720.000000	100.648483	-49.8663
11800.000000	101.311035	-46.3923
12060.000000	103.186607	-39.7906
12200.000000	103.814735	-38.3790
12410.000000	104.242950	-36.7198
12500.000000	104.269005	-35.9250
12650.000000	104.114960	-33.9815
12800.000000	103.804512	-30.8416
13150.000000	103.133995	-19.4972
13200.000000	103.077812	-17.6497
13400.000000	102.970566	-10.3558
13600.000000	103.049850	-4.0641
13800.000000	103.240746	0.3272
14000.000000	103.359619	2.0167
14300.000000	102.872154	0.4313
14500.000000	101.901123	-0.7845
14750.000000	100.221130	1.1242
15000.000000	98.699394	6.9810
15250.000000	97.509399	13.9118
15500.000000	96.634018	20.9907
15750.000000	96.073738	27.8497
16000.000000	95.900375	34.1153
16250.000000	96.360909	38.4369
16500.000000	97.514114	36.1613
16750.000000	98.415733	19.9833
17000.000000	96.475731	-3.9450
17250.000000	92.625397	-14.9548
17500.000000	89.041061	-16.5085
17750.000000	85.821991	-14.6931
18000.000000	82.891670	-12.2666
18250.000000	80.163193	-9.5284
18500.000000	77.549614	-7.5255
18750.000000	74.995346	-8.8798
19000.000000	72.484894	-13.3469
19250.000000	69.722107	-23.0354
19500.000000	66.722374	-38.8160
19750.000000	63.355713	-60.4090
