

19.5	69.534
19.8	69.534
20.1	69.534
20.3	69.535
20.6	69.722
20.9	69.814
21.2	69.863
21.6	69.941
21.9	69.9165
22.2	69.992
22.5	69.979
22.8	69.986
23.2	70.016
23.5	70.106
23.8	70.063
24.2	70.076
24.5	70.156
24.9	70.1835
25.3	70.076
25.6	70.2715
26	70.029
26.4	70.265
26.8	70.309
27.2	70.293
27.5	70.291
28	70.345
28.4	70.471
28.8	70.548
29.2	70.4975
29.6	70.5195
30	70.5435
30.5	70.48
30.9	70.527
31.4	70.5595
31.8	70.6005
32.3	70.5325
32.8	70.488
33.2	70.5095
33.7	70.6125
34.2	70.6345
34.7	70.5035
35.2	70.5635
35.7	70.566
36.2	70.5153
36.8	70.5425
37.3	70.5905
37.9	70.682
38.4	70.6315
39	70.6355
39.5	70.6753
40.1	70.7695
40.7	70.7205
41.3	70.807
41.9	70.86
42.5	70.8637
43.1	70.843
43.7	70.9243
44.4	70.958
45	70.8817
45.7	70.818
46.3	70.8247
47	70.8323
47.7	70.8703
48.4	70.958
49.1	70.8377
49.8	70.8047
50.5	70.829
51.3	70.852
52	70.8673
52.8	70.8813
53.5	70.8953
54.3	70.9137
55.1	70.9237
55.9	70.9398
56.7	70.9503
57.5	70.964
58.4	70.9705
59.2	70.9153
60.1	70.9787
61	70.9257
61.8	70.93
62.7	70.941
63.7	70.9535
64.6	70.9805
65.5	71.0613
66.5	71.0028
67.4	71.001
68.4	71.0853
69.4	71.0273
70.4	71.011
71.5	70.9417
72.5	70.9486
73.5	71.027
74.6	70.9612
75.7	70.9578
76.8	70.965
77.9	70.9697
79.1	70.9768
80.2	70.999
81.4	71.0718
82.6	71.0192
83.8	71.0782
85	71.0138
86.2	71.0008
87.5	71.019
88.7	71.104
90	71.1192
91.3	71.1152
92.7	71.0382
94	71.0148
95.4	70.936
96.8	70.9342
98.2	71.0158
99.6	71.0362
101	71.0315
103	71.031
104	71.0317
106	71.0317
107	71.0317
109	71.0275
110	71.0302
112	71.0163
113	70.9398
115	71.0203
117	71.1063
118	71.0881
120	71.0167
122	71.0116
124	71.0059
125	71.0044
127	70.9986
129	70.997
131	70.992
133	70.988
135	70.9788
137	70.9727
139	70.9663
141	70.9886
143	71
145	71
147	71
149	71
151	71
154	70.9993
156	71.0051
158	71.0904
160	71.104
163	71.0956
165	71.009
168	70.9967
170	71
172	71
175	71
177	71
180	71
183	71
185	71
188	71
191	70.9985
194	71.0032
196	71.0754
199	71.0076
202	70.9866
205	70.9074
208	70.8984
211	70.9
214	70.9
217	70.9
220	70.9
224	70.901
227	70.8933
230	70.8069
234	70.7995
237	70.8871
240	70.8872
244	70.8101
247	70.7989
251	70.8
255	70.8011
258	70.7869
262	70.7087
266	70.698
270	70.7013
274	70.6939
278	70.6204
282	70.6852
286	70.6941
290	70.6104
294	70.5985
298	70.6026
303	70.5907
307	70.5069
312	70.4975
316	70.5
321	70.5
325	70.5
330	70.5041
335	70.4821
340	70.3221
345	70.2961
350	70.3
355	70.3019
360	70.2887
365	70.2073
371	70.1976
376	70.202
382	70.1933
387	70.1093
393	70.0993
398	70.0854
404	70.0087
410	69.9875
416	69.9086
422	69.8983
428	69.902
434	69.8873
441	69.8105
447	69.8003
454	69.7928
460	69.7108
467	69.6889
474	69.6127
481	69.5911
488	69.5128
495	69.4996
502	69.4897
509	69.4099
517	69.3903
524	69.3094
532	69.2978
540	69.3015
547	69.2895
555	69.1945
563	69.105
572	69.0997
580	69.0899
588	69.0097
597	68.9907
606	68.9021
614	68.8059
623	68.8003
632	68.7882
642	68.712
651	68.6882
660	68.6099
670	68.5887
680	68.5124
690	68.4919
700	68.4028
710	68.3081
720	68.3002
731	68.2919
741	68.211
752	68.1896
763	68.0987
774	68.0071
785	67.9984
797	68.0017
808	67.9881
820	67.9101
832	67.8881
844	67.8088
856	67.8004
869	67.7914
882	67.7118
894	67.6983
907	67.7
921	67.7
934	67.7
948	67.7
961	67.6981
975	67.7103
990	67.7875
1004	67.8106
1019	67.887
1033	67.9129
1048	67.988
1064	68.0176
1079	68.1889
1095	68.3022
1111	68.3895
1127	68.4081
1143	68.5126
1160	68.6794
1177	68.7204
1194	68.8884
1211	69.0034
1229	69.1019
1247	69.19
1265	69.2099
1283	69.2979
1302	69.4114
1321	69.5801
1340	69.6133
1360	69.6879
1379	69.7125
1399	69.7917
1420	69.8001
1440	69.811
1461	69.8896
1483	69.9108
1504	69.9906
1526	70
1548	70.0104
1571	70.0903
1594	70.1019
1617	70.1
1640	70.1
1664	70.0981
1688	70.1106
1713	70.1887
1738	70.2113
1763	70.2887
1789	70.3095
1815	70.3978
1841	70.5006
1868	70.6024
1895	70.6908
1923	70.7109
1951	70.788
1979	70.8098
2008	70.8978
2037	71.0002
2067	71.0992
2097	71.1974
2127	71.3125
2158	71.4796
2190	71.5222
2221	71.6798
2254	71.7094
2287	71.806
2320	71.9876
2354	72.1117
2388	72.2766
2423	72.331
2458	72.5665
2494	72.6204
2530	72.797
2567	72.9891
2604	73.1112
2642	73.2882
2680	73.4141
2719	73.5795
2759	73.6205
2799	73.7877
2840	73.901
2881	73.9998
2923	74.1016
2965	74.1923
3008	74.2018
3052	74.2018
3097	74.1907
3142	74.1135
3187	74.0803
3234	73.9157
3281	73.7815
3328	73.5134
3377	73.2787
3426	72.9244
3476	72.6715
3526	72.2058
3578	71.8277
3630	71.6665
3682	71.3292
3736	71.1824
3790	71.0148
3846	71.0021
3901	71.107
3958	71.2989
4016	71.4997
4074	71.6953
4133	71.9328
4194	72.353
4255	72.5488
4316	73.08
4379	73.4954
4443	73.8111
4508	74.1886
4573	74.5059
4640	74.7824
4707	74.9116
4776	75.1007
4845	75.2843
4916	75.3055
4987	75.2922
5060	75.2023
5133	75.0998
5208	75
5284	74.902
5360	74.7874
5438	74.6184
5518	74.587
5598	74.5116
5679	74.4902
5762	74.4001
5846	74.3115
5931	74.2828
6017	74.1019
6104	73.9072
6193	73.7996
6283	73.6898
6375	73.508
6467	73.4077
6561	73.3865
6657	73.3156
6754	73.4021
6852	73.6078
6952	73.8861
7053	74.1154
7155	74.5041
7259	75.0062
7365	75.6031
7472	76.3139
7581	77.2041
7691	78.203
7803	79.1945
7916	79.9813
8032	80.2468
8148	79.8457
8267	79.1452
8387	77.0813
8509	75.3898
8633	73.9008
8758	72.5076
8886	71.3011
9015	70.202
9146	69.1994
9279	68.3106
9414	67.5924
9551	66.9064
9690	66.2951
9831	65.7067
9974	65.1972
10119	64.7062
10266	64.1564
10416	63.3636
10567	62.9493
10721	62.2107
10877	61.3937
11035	60.4936
11196	59.5031
11358	58.4942
11524	57.516
11691	56.6929
11861	55.9026
12034	55.214
12209	54.6943
12386	54.2047
12567	53.8061
12749	53.5012
12935	53.1773
13123	52.7385
13314	52.5731
13507	52.3168
13704	52.2004
13903	52.2122
14105	52.4084
14311	52.6861
14519	52.7935
14730	52.6818
14944	52.295
15162	51.8097
15382	51.3995
15606	50.9991
15833	50.4592
16063	49.6658
16297	49.2232
16534	48.3648
16774	47.8661
17018	47.1923
17266	46.4152
17517	45.7947
17772	45.3245
18030	45.3534
18293	45.9467
18559	46.3463
18829	47.1032
19102	47.8461
19380	47.9738
20000	47.6557
