
Frequency	dB	Unweighted
19.5	69.8
19.8	69.9
20.1	70
20.3	70
20.6	70.1
20.9	70.2
21.2	70.2
21.6	70.3
21.9	70.4
22.2	70.4
22.5	70.5
22.8	70.5
23.2	70.5
23.5	70.6
23.8	70.6
24.2	70.7
24.5	70.7
24.9	70.7
25.3	70.8
25.6	70.8
26	70.9
26.4	70.9
26.8	70.9
27.2	71
27.5	71
28	71.1
28.4	71.1
28.8	71.2
29.2	71.2
29.6	71.2
30	71.2
30.5	71.2
30.9	71.3
31.4	71.3
31.8	71.3
32.3	71.3
32.8	71.3
33.2	71.4
33.7	71.4
34.2	71.4
34.7	71.4
35.2	71.4
35.7	71.4
36.2	71.5
36.8	71.5
37.3	71.5
37.9	71.5
38.4	71.5
39	71.5
39.5	71.5
40.1	71.5
40.7	71.5
41.3	71.5
41.9	71.5
42.5	71.6
43.1	71.5
43.7	71.5
44.4	71.5
45	71.5
45.7	71.5
46.3	71.6
47	71.6
47.7	71.6
48.4	71.6
49.1	71.5
49.8	71.5
50.5	71.5
51.3	71.5
52	71.5
52.8	71.5
53.5	71.5
54.3	71.6
55.1	71.6
55.9	71.6
56.7	71.6
57.5	71.5
58.4	71.4
59.2	71.4
60.1	71.4
61	71.4
61.8	71.4
62.7	71.4
63.7	71.4
64.6	71.4
65.5	71.4
66.5	71.4
67.4	71.3
68.4	71.3
69.4	71.3
70.4	71.3
71.5	71.3
72.5	71.3
73.5	71.2
74.6	71.2
75.7	71.2
76.8	71.1
77.9	71.1
79.1	71.1
80.2	71.1
81.4	71.1
82.6	71
83.8	71
85	71
86.2	71
87.5	71
88.7	70.9
90	70.8
91.3	70.8
92.7	70.8
94	70.8
95.4	70.8
96.8	70.8
98.2	70.7
99.6	70.6
101	70.6
103	70.6
104	70.6
106	70.6
107	70.5
109	70.5
110	70.5
112	70.4
113	70.4
115	70.4
117	70.3
118	70.3
120	70.2
122	70.2
124	70.1
125	70.1
127	70.1
129	70
131	70
133	69.9
135	69.9
137	69.9
139	69.9
141	69.8
143	69.8
145	69.7
147	69.6
149	69.6
151	69.6
154	69.5
156	69.5
158	69.4
160	69.4
163	69.4
165	69.3
168	69.3
170	69.1
172	69.1
175	69.1
177	69.1
180	69
183	69
185	69
188	68.9
191	68.8
194	68.8
196	68.7
199	68.7
202	68.7
205	68.6
208	68.5
211	68.4
214	68.3
217	68.4
220	68.4
224	68.4
227	68.4
230	68.4
234	68.4
237	68.3
240	68.3
244	68.3
247	68.2
251	68.1
255	68.1
258	68.1
262	68
266	68
270	67.9
274	67.9
278	67.8
282	67.8
286	67.8
290	67.7
294	67.6
298	67.6
303	67.6
307	67.5
312	67.5
316	67.5
321	67.4
325	67.4
330	67.3
335	67.3
340	67.2
345	67.2
350	67.2
355	67.2
360	67.1
365	67
371	67.1
376	67
382	67
387	67
393	66.9
398	66.9
404	66.9
410	66.9
416	66.8
422	66.8
428	66.7
434	66.7
441	66.7
447	66.7
454	66.7
460	66.6
467	66.6
474	66.6
481	66.6
488	66.6
495	66.5
502	66.5
509	66.5
517	66.5
524	66.5
532	66.5
540	66.4
547	66.4
555	66.4
563	66.4
572	66.4
580	66.4
588	66.4
597	66.4
606	66.4
614	66.4
623	66.3
632	66.4
642	66.3
651	66.3
660	66.3
670	66.3
680	66.3
690	66.3
700	66.4
710	66.4
720	66.3
731	66.4
741	66.4
752	66.4
763	66.4
774	66.4
785	66.4
797	66.4
808	66.4
820	66.4
832	66.4
844	66.5
856	66.5
869	66.5
882	66.6
894	66.6
907	66.6
921	66.7
934	66.7
948	66.8
961	66.9
975	67
990	67.1
1004	67.1
1019	67.2
1033	67.3
1048	67.5
1064	67.5
1079	67.6
1095	67.6
1111	67.9
1127	68
1143	68
1160	68.3
1177	68.4
1194	68.6
1211	68.7
1229	68.9
1247	69
1265	69.1
1283	69.3
1302	69.4
1321	69.6
1340	69.7
1360	69.9
1379	70
1399	70.1
1420	70.2
1440	70.3
1461	70.5
1483	70.6
1504	70.8
1526	70.9
1548	71
1571	71.1
1594	71.2
1617	71.4
1640	71.5
1664	71.8
1688	71.9
1713	72.1
1738	72.2
1763	72.5
1789	72.6
1815	72.6
1841	73
1868	73.1
1895	73.4
1923	73.5
1951	73.9
1979	74
2008	74.3
2037	74.5
2067	74.6
2097	74.9
2127	75
2158	75.3
2190	75.4
2221	75.7
2254	75.8
2287	75.9
2320	76.2
2354	76.2
2388	76.3
2423	76.3
2458	76.3
2494	76.3
2530	76.2
2567	76.1
2604	76.1
2642	75.8
2680	75.8
2719	75.4
2759	75.3
2799	75
2840	74.7
2881	74.6
2923	74.2
2965	74.1
3008	73.7
3052	73.5
3097	73.2
3142	72.9
3187	72.7
3234	72.4
3281	72.3
3328	72
3377	71.9
3426	71.7
3476	71.6
3526	71.4
3578	71.3
3630	71.3
3682	71.2
3736	71.1
3790	71.1
3846	71.1
3901	71
3958	71
4016	71.1
4074	71.2
4133	71.2
4194	71.4
4255	71.5
4316	71.8
4379	72.1
4443	72.3
4508	72.6
4573	72.9
4640	73.2
4707	73.3
4776	73.7
4845	73.9
4916	74
4987	74
5060	73.8
5133	73.6
5208	73.4
5284	72.7
5360	72.5
5438	72
5518	71.7
5598	71.4
5679	71.1
5762	70.8
5846	70.6
5931	70.4
6017	70.1
6104	69.9
6193	69.7
6283	69.6
6375	69.4
6467	69.3
6561	69.3
6657	69.2
6754	69.2
6852	69.1
6952	69.1
7053	69.1
7155	69.2
7259	69.3
7365	69.6
7472	69.9
7581	70.3
7691	70.9
7803	71.5
7916	72.1
8032	72.5
8148	72.4
8267	72.3
8387	70.9
8509	69.7
8633	68.5
8758	67.4
8886	66.4
9015	65.7
9146	65.1
9279	64.8
9414	64.7
9551	65
9690	65.5
9831	66.4
9974	67.6
10119	68.5
10266	68.3
10416	65.3
10567	63.9
10721	61.3
10877	59
11035	57.2
11196	55.8
11358	54.7
11524	54
11691	53.4
11861	52.8
12034	52.2
12209	51.9
12386	52.1
12567	52.8
12749	53.6
12935	54.5
13123	55.7
13314	56
13507	56.6
13704	57.1
13903	57.6
14105	57.9
14311	57.6
14519	54.5
14730	52.8
14944	50.4
15162	50.1
15382	51.3
15606	53
15833	54.5
16063	55.6
16297	54.4
16534	47.9
16774	47.1
17018	49.1
17266	54.1
17517	57.5
17772	58.7
18030	58.3
18293	56.9
18559	56.5
18829	55.7
19102	54.8
19380	53.5
20000	51.3
overall dB	94.3 dB
decay	Average
averaging	No Smoothing
source	Headset Mic 1 Low Range


saved	28/5/21, 10:51 PM
peak	22.0Hz
