
Frequency	dB	Unweighted
19.5	66.2
19.8	66.3
20.1	66.5
20.3	66.5
20.6	66.7
20.9	66.7
21.2	66.8
21.6	67
21.9	67
22.2	67.1
22.5	67.2
22.8	67.3
23.2	67.3
23.5	67.4
23.8	67.5
24.2	67.6
24.5	67.7
24.9	67.7
25.3	67.8
25.6	67.8
26	67.9
26.4	67.9
26.8	68
27.2	68.1
27.5	68.1
28	68.2
28.4	68.3
28.8	68.4
29.2	68.4
29.6	68.4
30	68.6
30.5	68.6
30.9	68.7
31.4	68.7
31.8	68.7
32.3	68.8
32.8	68.8
33.2	68.9
33.7	68.9
34.2	69
34.7	69
35.2	69.1
35.7	69.1
36.2	69.2
36.8	69.2
37.3	69.3
37.9	69.3
38.4	69.4
39	69.4
39.5	69.5
40.1	69.5
40.7	69.5
41.3	69.6
41.9	69.6
42.5	69.7
43.1	69.7
43.7	69.7
44.4	69.7
45	69.7
45.7	69.8
46.3	69.8
47	69.8
47.7	69.9
48.4	69.9
49.1	70
49.8	70
50.5	70
51.3	70.1
52	70.1
52.8	70.2
53.5	70.2
54.3	70.2
55.1	70.2
55.9	70.3
56.7	70.3
57.5	70.3
58.4	70.3
59.2	70.3
60.1	70.3
61	70.3
61.8	70.3
62.7	70.3
63.7	70.3
64.6	70.4
65.5	70.4
66.5	70.4
67.4	70.4
68.4	70.5
69.4	70.5
70.4	70.5
71.5	70.5
72.5	70.5
73.5	70.5
74.6	70.5
75.7	70.5
76.8	70.5
77.9	70.5
79.1	70.6
80.2	70.6
81.4	70.6
82.6	70.6
83.8	70.6
85	70.7
86.2	70.6
87.5	70.6
88.7	70.6
90	70.6
91.3	70.6
92.7	70.6
94	70.6
95.4	70.6
96.8	70.6
98.2	70.7
99.6	70.6
101	70.6
103	70.6
104	70.6
106	70.6
107	70.6
109	70.7
110	70.7
112	70.7
113	70.7
115	70.7
117	70.7
118	70.7
120	70.6
122	70.6
124	70.6
125	70.6
127	70.5
129	70.5
131	70.5
133	70.5
135	70.4
137	70.3
139	70.3
141	70.3
143	70.3
145	70.3
147	70.5
149	70.6
151	70.6
154	70.6
156	70.7
158	70.7
160	70.7
163	70.7
165	70.7
168	70.7
170	70.7
172	70.7
175	70.7
177	70.6
180	70.6
183	70.6
185	70.6
188	70.5
191	70.5
194	70.6
196	70.5
199	70.5
202	70.5
205	70.5
208	70.5
211	70.5
214	70.5
217	70.5
220	70.4
224	70.4
227	70.5
230	70.4
234	70.4
237	70.4
240	70.4
244	70.4
247	70.4
251	70.4
255	70.4
258	70.3
262	70.3
266	70.3
270	70.2
274	70.2
278	70.2
282	70.2
286	70.2
290	70.1
294	70.1
298	70.1
303	70
307	70
312	70
316	70
321	70
325	70
330	69.9
335	69.9
340	69.9
345	69.9
350	69.8
355	69.8
360	69.8
365	69.7
371	69.7
376	69.7
382	69.7
387	69.6
393	69.6
398	69.5
404	69.5
410	69.5
416	69.5
422	69.4
428	69.4
434	69.3
441	69.3
447	69.3
454	69.3
460	69.2
467	69.2
474	69.1
481	69.1
488	69.1
495	69
502	69
509	68.9
517	68.9
524	68.8
532	68.8
540	68.8
547	68.8
555	68.7
563	68.6
572	68.6
580	68.6
588	68.5
597	68.4
606	68.4
614	68.4
623	68.3
632	68.3
642	68.2
651	68.2
660	68.2
670	68.1
680	68.1
690	68.1
700	67.9
710	67.9
720	67.9
731	67.8
741	67.8
752	67.7
763	67.7
774	67.6
785	67.6
797	67.6
808	67.5
820	67.5
832	67.4
844	67.4
856	67.3
869	67.3
882	67.3
894	67.3
907	67.3
921	67.2
934	67.2
948	67.3
961	67.3
975	67.3
990	67.3
1004	67.3
1019	67.4
1033	67.4
1048	67.5
1064	67.6
1079	67.7
1095	67.8
1111	67.9
1127	68
1143	68.1
1160	68.2
1177	68.3
1194	68.5
1211	68.6
1229	68.8
1247	68.8
1265	68.8
1283	69
1302	69
1321	69.2
1340	69.2
1360	69.3
1379	69.4
1399	69.5
1420	69.5
1440	69.5
1461	69.7
1483	69.7
1504	69.7
1526	69.7
1548	69.8
1571	69.9
1594	69.9
1617	70
1640	70
1664	70.1
1688	70.1
1713	70.2
1738	70.2
1763	70.4
1789	70.4
1815	70.4
1841	70.6
1868	70.6
1895	70.8
1923	70.8
1951	71
1979	71
2008	71.2
2037	71.4
2067	71.4
2097	71.6
2127	71.7
2158	72
2190	72.1
2221	72.3
2254	72.4
2287	72.5
2320	72.8
2354	72.9
2388	73.2
2423	73.3
2458	73.6
2494	73.7
2530	74
2567	74.2
2604	74.3
2642	74.6
2680	74.7
2719	74.9
2759	75
2799	75.3
2840	75.5
2881	75.6
2923	75.8
2965	75.9
3008	76.2
3052	76.2
3097	76.4
3142	76.4
3187	76.5
3234	76.5
3281	76.5
3328	76.5
3377	76.5
3426	76.5
3476	76.5
3526	76.6
3578	76.6
3630	76.6
3682	76.6
3736	76.6
3790	76.7
3846	76.7
3901	76.8
3958	76.8
4016	76.9
4074	76.9
4133	76.9
4194	77
4255	77
4316	77
4379	76.9
4443	76.8
4508	76.6
4573	76.4
4640	76
4707	75.8
4776	75.1
4845	74.5
4916	74
4987	73.3
5060	72.7
5133	72
5208	71.7
5284	70.8
5360	70.5
5438	69.6
5518	69.1
5598	68.6
5679	68.1
5762	67.6
5846	67.2
5931	67
6017	66.5
6104	66.2
6193	66
6283	65.8
6375	65.7
6467	65.5
6561	65.5
6657	65.4
6754	65.4
6852	65.5
6952	65.7
7053	65.9
7155	66.2
7259	66.6
7365	67.1
7472	67.8
7581	68.6
7691	69.7
7803	70.8
7916	71.9
8032	72.5
8148	72.3
8267	71.9
8387	69.4
8509	67.6
8633	65.9
8758	64.3
8886	62.9
9015	61.7
9146	60.5
9279	59.5
9414	58.7
9551	57.9
9690	57.2
9831	56.5
9974	56
10119	55.6
10266	55.3
10416	55
10567	54.9
10721	54.8
10877	54.9
11035	55.1
11196	55.5
11358	56
11524	56.8
11691	57.7
11861	58.9
12034	60.2
12209	61.7
12386	63.2
12567	64.5
12749	65.4
12935	65.8
13123	65.4
13314	65
13507	64.2
13704	63.1
13903	62.1
14105	61
14311	60.1
14519	59
14730	58.8
14944	58.5
15162	58.5
15382	58.9
15606	59.6
15833	60.7
16063	62.7
16297	62.9
16534	61.7
16774	60.6
17018	58.4
17266	56.5
17517	55
17772	54
18030	53.3
18293	52.8
18559	52.4
18829	50.6
19102	46.7
19380	40.4
20000	31.6
overall dB	94.4 dB
decay	Average
averaging	No Smoothing
source	Headset Mic 1 Low Range


saved	4/7/20, 12:08 PM
peak	30.8Hz
