* Measurement data measured by REW V5.20.4
* Source: Microphone (USB Sound Device        ), MICROPHONE (Master Volume), L, volume: 0.560
* Format: 256k Log Swept Sine, 1 sweep at -12.0 dBFS with no timing reference
* Dated: Nov 7, 2021 11:59:04 AM
* REW Settings:
*  C-weighting compensation: Off
*  Target level: 75.0 dB
* Note: ; 
* Measurement: TRN VX Pro R Nov 7
* Smoothing: None
* Frequency Step: 1/48 octave
* Start Frequency: 20.000 Hz
*
* Freq(Hz)	SPL(dB)	Phase(degrees)
20.000000	82.737	-139.1676
20.299999	82.795	-139.7352
20.600000	82.842	-140.3340
20.900000	82.893	-140.9406
21.200001	82.925	-141.5602
21.400000	82.949	-141.9928
21.799999	82.997	-142.8935
22.000000	83.012	-143.3366
22.400000	83.013	-144.1114
22.700001	83.016	-144.5062
23.000000	83.034	-144.7046
23.299999	83.070	-144.7807
23.600000	83.138	-144.8622
24.000000	83.266	-145.1888
24.299999	83.364	-145.6820
24.700001	83.474	-146.6031
25.000000	83.527	-147.3446
25.400000	83.546	-148.1962
25.799999	83.552	-148.7818
26.200001	83.578	-149.1776
26.500000	83.613	-149.4585
26.900000	83.673	-149.9146
27.200001	83.709	-150.3319
27.600000	83.744	-150.9417
28.000000	83.777	-151.5396
28.500000	83.796	-152.2215
29.000000	83.815	-152.8478
29.500000	83.829	-153.4249
30.000000	83.850	-153.9359
30.400000	83.875	-154.3137
30.700001	83.896	-154.6026
31.100000	83.928	-155.0190
31.500000	83.956	-155.4673
32.000000	83.986	-156.0331
32.500000	84.014	-156.5751
33.000000	84.031	-157.1083
33.500000	84.047	-157.6425
34.000000	84.064	-158.1437
34.500000	84.085	-158.5919
35.000000	84.118	-159.0361
35.500000	84.150	-159.5400
36.000000	84.169	-160.0814
36.500000	84.191	-160.5706
37.000000	84.210	-160.9620
37.500000	84.228	-161.3139
38.200001	84.253	-161.8893
38.700001	84.256	-162.3562
39.500000	84.241	-163.0486
40.000000	84.222	-163.4419
40.599998	84.243	-163.9372
41.200001	84.261	-164.4837
41.799999	84.272	-165.0278
42.500000	84.279	-165.5757
43.099998	84.285	-165.9922
43.700001	84.298	-166.4357
44.400002	84.314	-166.9735
45.000000	84.311	-167.3742
45.500000	84.313	-167.6793
46.200001	84.335	-168.1610
46.799999	84.341	-168.6150
47.500000	84.335	-169.0702
48.200001	84.341	-169.4824
48.700001	84.337	-169.8225
49.400002	84.307	-170.3276
50.000000	84.284	-170.6875
50.799999	84.292	-171.0869
51.500000	84.311	-171.5104
52.200001	84.318	-172.0235
53.000000	84.288	-172.5359
53.799999	84.256	-172.8293
54.500000	84.273	-173.0706
55.200001	84.302	-173.5099
56.000000	84.302	-174.1603
57.000000	84.238	-174.7056
58.000000	84.216	-174.9536
59.000000	84.246	-175.6334
60.000000	84.194	-176.3715
60.799999	84.169	-176.4203
61.500000	84.214	-176.6891
62.200001	84.226	-177.4399
63.000000	84.157	-178.0567
64.000000	84.119	-178.0177
65.000000	84.156	-178.2483
66.000000	84.165	-178.8662
67.000000	84.131	-179.4285
68.000000	84.094	-179.6512
69.000000	84.072	179.9955
70.000000	84.027	179.7178
71.000000	84.040	179.3809
72.000000	84.019	178.6955
73.000000	83.965	178.2523
74.000000	83.947	177.8874
75.000000	83.927	177.5862
76.199997	83.914	177.3053
77.500000	83.902	176.8151
78.800003	83.865	176.2981
80.000000	83.825	175.8936
81.199997	83.784	175.4938
82.500000	83.753	175.2193
83.800003	83.727	174.7767
85.000000	83.694	174.5016
86.199997	83.677	174.1412
87.500000	83.634	173.7110
88.500000	83.607	173.4536
90.000000	83.553	172.9929
91.199997	83.514	172.7043
92.500000	83.479	172.3668
93.800003	83.450	172.1224
95.000000	83.428	171.7295
96.199997	83.396	171.5145
97.500000	83.372	171.1660
98.800003	83.362	170.7672
100.000000	83.265	170.2177
101.500000	83.230	170.3535
103.000000	83.185	169.9493
104.400002	83.172	169.6633
106.000000	83.123	169.4496
107.500000	83.089	169.0023
109.000000	83.026	168.7390
110.599998	82.982	168.4866
112.000000	82.924	168.0811
113.800003	82.861	168.0078
115.000000	82.820	167.8188
117.199997	82.779	167.5263
118.000000	82.759	167.3174
120.599998	82.639	166.8307
122.000000	82.614	166.8818
124.099998	82.571	166.5120
125.000000	82.564	166.3351
126.500000	82.492	166.2237
128.000000	82.459	165.9110
131.500000	82.315	165.3875
132.000000	82.292	165.4397
134.000000	82.250	165.2595
136.000000	82.213	165.0008
138.000000	82.133	164.9108
140.000000	82.060	164.6743
143.000000	81.985	164.3918
145.000000	81.919	164.2425
147.500000	81.837	164.0142
150.000000	81.749	163.8468
152.500000	81.698	163.6263
155.000000	81.633	163.4509
157.500000	81.588	163.3978
160.000000	81.520	163.1891
162.500000	81.449	162.9906
165.000000	81.406	163.0092
167.500000	81.315	162.7813
170.000000	81.209	162.7523
172.500000	81.103	162.6158
175.000000	80.953	162.6562
177.500000	80.841	162.5398
180.000000	80.712	162.4874
182.500000	80.652	162.4215
185.000000	80.625	162.2706
187.500000	80.625	162.2495
190.000000	80.591	162.3618
192.500000	80.516	162.2711
195.000000	80.480	162.2436
197.500000	80.419	162.0346
200.000000	80.349	162.1110
203.000000	80.234	162.0983
206.000000	80.146	162.2469
209.000000	80.065	162.2741
212.000000	79.969	162.3317
214.000000	79.920	162.3601
218.000000	79.828	162.4744
220.000000	79.751	162.4627
224.000000	79.639	162.5802
227.000000	79.557	162.6759
230.000000	79.496	162.5750
233.000000	79.440	162.8231
236.000000	79.345	163.0017
240.000000	79.251	162.9844
243.000000	79.189	163.1692
247.000000	79.073	163.3645
250.000000	79.039	163.4139
254.000000	78.937	163.7777
258.000000	78.839	163.9807
262.000000	78.741	164.1262
265.000000	78.646	164.3206
269.000000	78.591	164.4422
272.000000	78.476	164.7398
276.000000	78.435	165.0410
280.000000	78.323	165.0856
285.000000	78.202	165.7459
290.000000	78.097	165.9455
295.000000	78.011	166.2569
300.000000	77.886	166.4733
304.000000	77.850	166.6040
307.000000	77.788	166.9237
311.000000	77.707	167.4926
315.000000	77.657	167.7578
320.000000	77.555	168.2260
325.000000	77.414	168.6126
330.000000	77.337	169.0625
335.000000	77.260	169.8456
340.000000	77.178	169.9020
345.000000	77.064	170.3217
350.000000	76.950	170.8935
355.000000	76.895	171.4218
360.000000	76.843	171.8945
365.000000	76.764	172.2865
370.000000	76.641	172.8344
375.000000	76.557	173.2277
382.000000	76.480	174.1424
387.000000	76.386	174.6783
395.000000	76.307	175.7593
400.000000	76.204	176.0369
406.000000	76.122	176.7077
412.000000	76.050	177.4684
418.000000	75.960	178.1190
425.000000	75.910	178.9658
431.000000	75.847	179.6994
437.000000	75.740	-179.6930
444.000000	75.674	-178.7129
450.000000	75.608	-178.0326
455.000000	75.564	-177.5535
462.000000	75.502	-176.5696
468.000000	75.427	-176.0137
475.000000	75.389	-175.1601
482.000000	75.291	-174.2136
487.000000	75.260	-173.8650
494.000000	75.204	-172.8510
500.000000	75.144	-171.8114
508.000000	75.108	-170.9427
515.000000	75.056	-169.9211
522.000000	75.014	-169.2153
530.000000	74.981	-168.3419
538.000000	74.905	-167.1659
545.000000	74.886	-166.4493
552.000000	74.835	-165.4903
560.000000	74.800	-164.5487
570.000000	74.750	-163.1853
580.000000	74.738	-161.6714
590.000000	74.731	-160.6233
600.000000	74.657	-159.5587
608.000000	74.685	-158.0990
615.000000	74.676	-157.5168
622.000000	74.668	-156.8401
630.000000	74.638	-155.3777
640.000000	74.618	-154.3776
650.000000	74.647	-153.1890
660.000000	74.638	-151.8874
670.000000	74.653	-150.6284
680.000000	74.653	-149.4498
690.000000	74.683	-148.2604
700.000000	74.706	-147.1506
710.000000	74.745	-146.1925
720.000000	74.752	-144.9731
730.000000	74.766	-143.4008
740.000000	74.779	-142.3183
750.000000	74.882	-141.6018
762.000000	74.888	-140.2489
775.000000	74.935	-138.7079
788.000000	74.967	-137.1268
800.000000	74.999	-135.8923
812.000000	75.034	-134.4441
825.000000	75.005	-132.3845
838.000000	75.294	-129.5646
850.000000	75.579	-129.0163
862.000000	75.669	-128.7603
875.000000	75.748	-127.7626
885.000000	75.808	-127.1313
900.000000	75.901	-125.9058
912.000000	76.012	-124.9576
925.000000	76.106	-123.8862
938.000000	76.202	-122.8227
950.000000	76.306	-121.9227
962.000000	76.373	-120.8005
975.000000	76.486	-119.8280
988.000000	76.585	-118.6892
1000.000000	76.683	-116.8873
1015.000000	76.927	-115.7993
1030.000000	77.198	-114.8129
1044.000000	77.423	-114.2303
1060.000000	77.639	-113.6936
1075.000000	77.803	-113.2161
1090.000000	77.947	-112.8215
1106.000000	78.150	-112.2596
1120.000000	78.311	-111.7133
1138.000000	78.497	-111.2422
1150.000000	78.627	-110.8770
1172.000000	78.844	-110.3519
1180.000000	78.937	-109.9807
1206.000000	79.210	-109.3294
1220.000000	79.366	-109.0469
1241.000000	79.582	-108.6083
1250.000000	79.692	-108.4673
1265.000000	79.855	-108.2490
1280.000000	80.005	-107.9734
1315.000000	80.363	-107.4480
1320.000000	80.408	-107.4468
1340.000000	80.629	-107.1548
1360.000000	80.846	-107.0374
1380.000000	81.054	-106.9952
1400.000000	81.247	-106.9057
1430.000000	81.590	-106.8174
1450.000000	81.812	-106.8361
1475.000000	82.103	-106.9346
1500.000000	82.409	-107.1350
1525.000000	82.724	-107.3362
1550.000000	83.068	-107.7650
1575.000000	83.418	-108.2098
1600.000000	83.763	-108.7658
1625.000000	84.011	-109.5072
1650.000000	84.119	-110.2387
1675.000000	84.178	-111.0540
1700.000000	84.224	-112.0906
1725.000000	84.322	-113.1506
1750.000000	84.467	-114.2915
1775.000000	84.656	-115.5547
1800.000000	84.881	-116.9469
1825.000000	85.074	-118.4045
1850.000000	85.239	-119.8350
1875.000000	85.395	-121.4421
1900.000000	85.529	-123.0877
1925.000000	85.640	-124.6829
1950.000000	85.732	-126.3220
1975.000000	85.799	-127.9292
2000.000000	85.846	-129.7473
2030.000000	85.851	-131.4312
2060.000000	85.821	-133.2408
2090.000000	85.764	-134.9034
2120.000000	85.698	-136.4726
2140.000000	85.623	-137.4939
2180.000000	85.481	-139.2343
2200.000000	85.395	-139.9786
2240.000000	85.232	-141.3749
2270.000000	85.091	-142.2406
2300.000000	84.961	-143.0320
2330.000000	84.824	-143.5456
2360.000000	84.666	-144.0213
2400.000000	84.466	-144.4871
2430.000000	84.323	-144.6452
2470.000000	84.162	-144.7264
2500.000000	84.026	-144.7103
2540.000000	83.879	-144.5617
2580.000000	83.742	-144.2075
2620.000000	83.617	-143.7577
2650.000000	83.522	-143.4159
2690.000000	83.450	-142.7786
2720.000000	83.402	-142.3607
2760.000000	83.349	-141.6230
2800.000000	83.325	-140.8377
2850.000000	83.281	-139.6967
2900.000000	83.355	-138.7853
2950.000000	83.417	-137.7891
3000.000000	83.562	-136.8702
3040.000000	83.614	-136.1655
3070.000000	83.729	-135.7517
3110.000000	83.884	-135.4099
3150.000000	84.047	-135.2359
3200.000000	84.314	-135.4251
3250.000000	84.558	-135.8936
3300.000000	84.761	-136.6280
3350.000000	84.962	-137.5408
3400.000000	85.106	-138.6892
3450.000000	85.212	-139.7760
3500.000000	85.291	-140.8360
3550.000000	85.346	-142.0312
3600.000000	85.410	-143.2408
3650.000000	85.487	-144.6696
3700.000000	85.536	-146.2777
3750.000000	85.593	-148.2050
3820.000000	85.556	-151.3765
3870.000000	85.471	-153.7531
3950.000000	85.124	-157.3480
4000.000000	84.792	-158.9973
4060.000000	84.277	-160.7875
4120.000000	83.691	-161.5495
4180.000000	83.106	-161.2468
4250.000000	82.446	-159.4875
4310.000000	82.001	-157.0004
4370.000000	81.673	-153.9540
4440.000000	81.505	-149.9359
4500.000000	81.556	-146.5330
4550.000000	81.677	-143.8591
4620.000000	81.965	-140.9527
4680.000000	82.281	-139.0930
4750.000000	82.616	-137.2928
4820.000000	83.245	-134.6348
4870.000000	83.977	-135.3685
4940.000000	84.615	-139.1196
5000.000000	84.825	-142.6350
5080.000000	84.917	-147.5141
5150.000000	84.747	-151.2361
5220.000000	84.393	-154.0930
5300.000000	83.949	-154.3706
5380.000000	84.047	-155.5611
5450.000000	83.708	-158.3608
5520.000000	83.187	-159.6146
5600.000000	82.610	-159.7039
5700.000000	81.977	-158.4264
5800.000000	81.460	-156.7619
5900.000000	81.052	-154.4141
6000.000000	80.732	-151.6514
6080.000000	80.537	-149.5913
6150.000000	80.460	-147.4305
6220.000000	80.369	-145.2104
6300.000000	80.348	-142.7406
6400.000000	80.332	-139.7752
6500.000000	80.415	-136.7626
6600.000000	80.586	-133.4935
6700.000000	80.785	-130.7247
6800.000000	81.103	-127.7725
6900.000000	81.436	-125.0098
7000.000000	81.926	-122.5424
7100.000000	82.436	-120.3564
7200.000000	83.014	-118.5827
7300.000000	83.676	-117.2171
7400.000000	84.404	-116.4935
7500.000000	85.199	-116.7142
7620.000000	86.180	-118.1248
7750.000000	87.141	-122.2204
7880.000000	87.845	-129.4172
8000.000000	88.118	-138.8413
8120.000000	87.894	-149.7516
8250.000000	87.183	-160.5556
8380.000000	86.195	-168.5905
8500.000000	85.199	-173.2532
8620.000000	84.308	-175.8157
8750.000000	83.464	-176.6137
8850.000000	82.920	-176.6577
9000.000000	82.377	-175.7107
9120.000000	82.080	-175.0575
9250.000000	81.795	-174.1270
9380.000000	81.587	-173.5915
9500.000000	81.474	-173.1375
9620.000000	81.377	-172.5491
9750.000000	81.236	-171.8786
9880.000000	81.186	-170.8507
10000.000000	81.261	-169.9098
10150.000000	81.423	-168.5735
10300.000000	81.811	-167.8802
10440.000000	82.227	-168.0421
10600.000000	82.897	-169.3251
10750.000000	83.557	-172.2487
10900.000000	84.065	-176.7510
11060.000000	84.601	176.6904
11200.000000	84.884	169.3957
11380.000000	84.871	159.3920
11500.000000	84.595	152.7372
11720.000000	83.734	142.7907
11800.000000	83.346	139.8801
12060.000000	82.217	132.1338
12200.000000	81.620	128.2719
12410.000000	80.846	123.4668
12500.000000	80.573	121.5729
12650.000000	80.089	118.1312
12800.000000	79.612	114.2501
13150.000000	78.304	102.5265
13200.000000	78.080	101.1265
13400.000000	76.951	94.3748
13600.000000	75.574	89.1832
13800.000000	73.631	86.1257
14000.000000	71.583	85.0936
14300.000000	68.565	84.4401
14500.000000	66.976	87.8973
14750.000000	65.542	90.7091
15000.000000	64.565	93.3923
15250.000000	63.506	100.6299
15500.000000	62.594	107.2431
15750.000000	61.106	109.1320
16000.000000	59.304	123.7606
16250.000000	57.465	122.5468
16500.000000	55.900	124.8196
16750.000000	55.083	131.0998
17000.000000	54.985	132.6422
17250.000000	55.465	136.4628
17500.000000	56.015	138.8977
17750.000000	55.549	136.2072
18000.000000	56.584	136.8761
18250.000000	56.823	134.9972
18500.000000	56.491	134.7161
18750.000000	55.280	135.5226
19000.000000	57.379	145.6758
19250.000000	59.265	156.0372
19500.000000	62.311	134.1906
19750.000000	62.837	103.2462
