
Frequency	dB	Unweighted
19.5	70.7
19.8	70.7
20.1	70.8
20.3	70.9
20.6	71
20.9	71
21.2	71
21.6	71.2
21.9	71.2
22.2	71.3
22.5	71.3
22.8	71.4
23.2	71.4
23.5	71.4
23.8	71.5
24.2	71.5
24.5	71.5
24.9	71.5
25.3	71.6
25.6	71.6
26	71.6
26.4	71.7
26.8	71.7
27.2	71.7
27.5	71.8
28	71.8
28.4	71.8
28.8	71.8
29.2	71.8
29.6	71.8
30	71.9
30.5	71.9
30.9	71.9
31.4	71.9
31.8	71.9
32.3	71.9
32.8	72
33.2	72
33.7	72
34.2	72
34.7	72
35.2	72
35.7	72
36.2	72.1
36.8	72.1
37.3	72.1
37.9	72.1
38.4	72.1
39	72.1
39.5	72.1
40.1	72
40.7	72
41.3	72.1
41.9	72.1
42.5	72.1
43.1	72
43.7	72
44.4	72
45	72
45.7	71.9
46.3	71.9
47	71.9
47.7	71.9
48.4	71.9
49.1	71.9
49.8	71.9
50.5	71.9
51.3	71.9
52	71.8
52.8	71.8
53.5	71.8
54.3	71.8
55.1	71.8
55.9	71.8
56.7	71.8
57.5	71.7
58.4	71.6
59.2	71.6
60.1	71.6
61	71.5
61.8	71.5
62.7	71.5
63.7	71.5
64.6	71.4
65.5	71.4
66.5	71.4
67.4	71.4
68.4	71.3
69.4	71.3
70.4	71.3
71.5	71.2
72.5	71.2
73.5	71.2
74.6	71.1
75.7	71.1
76.8	71
77.9	71
79.1	71
80.2	70.9
81.4	70.9
82.6	70.8
83.8	70.8
85	70.8
86.2	70.7
87.5	70.7
88.7	70.6
90	70.5
91.3	70.5
92.7	70.4
94	70.4
95.4	70.3
96.8	70.3
98.2	70.2
99.6	70.2
101	70.1
103	70.1
104	70.1
106	70
107	70
109	69.9
110	69.9
112	69.8
113	69.7
115	69.7
117	69.6
118	69.5
120	69.5
122	69.4
124	69.4
125	69.3
127	69.3
129	69.2
131	69.1
133	69.1
135	69
137	68.9
139	68.9
141	68.8
143	68.7
145	68.6
147	68.5
149	68.5
151	68.4
154	68.4
156	68.4
158	68.4
160	68.4
163	68.4
165	68.3
168	68.2
170	68.1
172	68.1
175	68.1
177	68.1
180	68.1
183	68.1
185	68.1
188	68
191	67.9
194	67.9
196	67.8
199	67.8
202	67.7
205	67.7
208	67.6
211	67.5
214	67.4
217	67.4
220	67.3
224	67.3
227	67.3
230	67.2
234	67.1
237	67.1
240	67
244	67
247	66.9
251	66.9
255	66.8
258	66.8
262	66.7
266	66.7
270	66.6
274	66.6
278	66.5
282	66.5
286	66.4
290	66.4
294	66.3
298	66.3
303	66.2
307	66.2
312	66.2
316	66.1
321	66.1
325	66
330	66
335	65.9
340	65.9
345	65.8
350	65.8
355	65.8
360	65.7
365	65.7
371	65.7
376	65.6
382	65.6
387	65.5
393	65.5
398	65.5
404	65.4
410	65.4
416	65.4
422	65.4
428	65.3
434	65.3
441	65.3
447	65.2
454	65.2
460	65.2
467	65.1
474	65.1
481	65.1
488	65.1
495	65
502	65
509	65
517	65
524	64.9
532	64.9
540	64.9
547	64.9
555	64.9
563	64.8
572	64.8
580	64.8
588	64.8
597	64.8
606	64.8
614	64.7
623	64.7
632	64.7
642	64.7
651	64.7
660	64.7
670	64.7
680	64.7
690	64.7
700	64.6
710	64.6
720	64.6
731	64.7
741	64.7
752	64.7
763	64.7
774	64.7
785	64.7
797	64.7
808	64.7
820	64.7
832	64.7
844	64.8
856	64.8
869	64.8
882	64.9
894	64.9
907	65
921	65.1
934	65.1
948	65.3
961	65.3
975	65.5
990	65.6
1004	65.6
1019	65.9
1033	65.9
1048	66.2
1064	66.3
1079	66.6
1095	66.7
1111	67
1127	67.1
1143	67.2
1160	67.5
1177	67.6
1194	68
1211	68.1
1229	68.4
1247	68.5
1265	68.6
1283	68.9
1302	69
1321	69.3
1340	69.3
1360	69.6
1379	69.6
1399	69.9
1420	69.9
1440	70
1461	70.3
1483	70.3
1504	70.5
1526	70.6
1548	70.8
1571	70.9
1594	70.9
1617	71.2
1640	71.2
1664	71.5
1688	71.6
1713	71.8
1738	71.9
1763	72.1
1789	72.2
1815	72.3
1841	72.6
1868	72.7
1895	72.9
1923	73
1951	73.2
1979	73.3
2008	73.6
2037	73.7
2067	73.8
2097	74.1
2127	74.1
2158	74.3
2190	74.4
2221	74.6
2254	74.7
2287	74.7
2320	74.9
2354	75
2388	75.1
2423	75.1
2458	75.1
2494	75.2
2530	75.1
2567	75.1
2604	75.1
2642	75
2680	75
2719	75
2759	75
2799	74.9
2840	74.9
2881	74.9
2923	74.8
2965	74.7
3008	74.6
3052	74.5
3097	74.4
3142	74.3
3187	74.2
3234	74.1
3281	74
3328	73.9
3377	73.8
3426	73.7
3476	73.7
3526	73.6
3578	73.5
3630	73.4
3682	73.3
3736	73.3
3790	73.2
3846	73.2
3901	73.2
3958	73.3
4016	73.3
4074	73.4
4133	73.4
4194	73.6
4255	73.6
4316	73.8
4379	73.9
4443	74
4508	74.1
4573	74.2
4640	74.3
4707	74.4
4776	74.4
4845	74.5
4916	74.4
4987	74.3
5060	74.2
5133	74
5208	73.9
5284	73.4
5360	73.3
5438	72.7
5518	72.3
5598	71.9
5679	71.5
5762	71
5846	70.6
5931	70.4
6017	69.8
6104	69.5
6193	69.2
6283	68.9
6375	68.6
6467	68.3
6561	68.2
6657	68
6754	67.9
6852	67.8
6952	67.8
7053	67.9
7155	68
7259	68.2
7365	68.4
7472	68.7
7581	69.1
7691	69.5
7803	69.9
7916	70.2
8032	70.3
8148	70.2
8267	70
8387	68.9
8509	67.9
8633	66.8
8758	65.6
8886	64.4
9015	63.2
9146	62.1
9279	61.1
9414	60.2
9551	59.3
9690	58.4
9831	57.6
9974	57
10119	56.4
10266	55.8
10416	55.1
10567	54.8
10721	54.5
10877	54.2
11035	54
11196	54
11358	54.2
11524	54.9
11691	56.4
11861	58.5
12034	60.8
12209	62.7
12386	64.1
12567	65.1
12749	66
12935	66.8
13123	68.1
13314	68.4
13507	69.1
13704	69.3
13903	69.1
14105	68.2
14311	66.9
14519	64.6
14730	63.9
14944	62.5
15162	61.3
15382	60.3
15606	59.5
15833	58.8
16063	58.1
16297	58
16534	57.9
16774	58
17018	58.3
17266	58.9
17517	59.6
17772	60.4
18030	61.1
18293	61.6
18559	61.4
18829	60.7
19102	59.3
19380	57.2
20000	54
overall dB	94.3 dB
decay	Average
averaging	No Smoothing
source	Headset Mic 1 Low Range


saved	25/8/19, 7:35 PM
peak	22.0Hz
