FFT	AudioTools 	v15.2.22 iPad battery 100%	2022/03/20 21:36	Headset Mic 3 Low Range	EB05A3E2-10AC-49FE-A287-06AC06EBE5AD
Frequency	dB	Unweighted
19.5	43.3
19.8	43.4
20.1	43.4
20.3	43.5
20.6	43.6
20.9	43.8
21.2	43.9
21.6	44
21.9	44.2
22.2	44.3
22.5	44.5
22.8	44.7
23.2	44.8
23.5	45
23.8	45.2
24.2	45.3
24.5	45.4
24.9	45.6
25.3	45.7
25.6	45.8
26	45.9
26.4	46
26.8	46.1
27.2	46.2
27.5	46.3
28	46.4
28.4	46.4
28.8	46.5
29.2	46.6
29.6	46.7
30	46.8
30.5	46.9
30.9	46.9
31.4	47
31.8	47
32.3	47.1
32.8	47.2
33.2	47.5
33.7	47.7
34.2	48
34.7	48.2
35.2	48.4
35.7	48.5
36.2	48.5
36.8	48.4
37.3	48.4
37.9	48.4
38.4	48.4
39	48.4
39.5	48.4
40.1	48.4
40.7	48.4
41.3	48.5
41.9	48.5
42.5	48.6
43.1	48.6
43.7	48.6
44.4	48.6
45	48.6
45.7	48.6
46.3	48.7
47	48.8
47.7	48.8
48.4	48.8
49.1	48.8
49.8	48.8
50.5	48.8
51.3	48.8
52	48.9
52.8	48.9
53.5	48.9
54.3	48.9
55.1	49
55.9	49.1
56.7	49.2
57.5	49.3
58.4	49.4
59.2	49.4
60.1	49.4
61	49.3
61.8	49.4
62.7	49.4
63.7	49.5
64.6	49.6
65.5	49.6
66.5	49.6
67.4	49.6
68.4	49.7
69.4	49.7
70.4	49.7
71.5	49.8
72.5	49.8
73.5	49.8
74.6	49.8
75.7	49.8
76.8	49.8
77.9	49.8
79.1	49.8
80.2	49.8
81.4	49.8
82.6	49.8
83.8	49.9
85	50
86.2	50
87.5	50
88.7	50
90	50.1
91.3	50.1
92.7	50.2
94	50.4
95.4	50.5
96.8	50.7
98.2	50.8
99.6	50.8
101	50.7
103	50.7
104	50.7
106	50.6
107	50.6
109	50.5
110	50.5
112	50.5
113	50.5
115	50.5
117	50.5
118	50.6
120	50.6
122	50.6
124	50.6
125	50.5
127	50.4
129	50.5
131	50.4
133	50.4
135	50.3
137	50.3
139	50.4
141	50.4
143	50.5
145	50.4
147	50.4
149	50.4
151	50.4
154	50.5
156	50.5
158	50.6
160	50.6
163	50.6
165	50.5
168	50.5
170	50.6
172	50.7
175	50.7
177	50.8
180	50.8
183	50.8
185	50.7
188	50.7
191	50.6
194	50.6
196	50.6
199	50.6
202	50.6
205	50.5
208	50.5
211	50.5
214	50.6
217	50.6
220	50.7
224	50.7
227	50.8
230	50.8
234	50.9
237	51
240	51
244	50.9
247	50.8
251	50.8
255	50.7
258	50.7
262	50.7
266	50.7
270	50.8
274	50.8
278	50.8
282	50.8
286	50.7
290	50.7
294	50.8
298	50.7
303	50.7
307	50.7
312	50.7
316	50.8
321	50.8
325	50.9
330	50.8
335	50.7
340	50.6
345	50.5
350	50.5
355	50.5
360	50.5
365	50.5
371	50.5
376	50.4
382	50.5
387	50.5
393	50.6
398	50.6
404	50.7
410	50.7
416	50.7
422	50.7
428	50.7
434	50.6
441	50.5
447	50.5
454	50.4
460	50.4
467	50.5
474	50.5
481	50.4
488	50.4
495	50.4
502	50.5
509	50.4
517	50.4
524	50.4
532	50.4
540	50.4
547	50.4
555	50.4
563	50.4
572	50.4
580	50.4
588	50.3
597	50.3
606	50.2
614	50.1
623	50.1
632	50.1
642	50.1
651	50.1
660	50.1
670	50.1
680	50.1
690	50.2
700	50.2
710	50.2
720	50.1
731	50.1
741	50.1
752	50.1
763	50.1
774	50.1
785	50.1
797	50.1
808	50.1
820	50.1
832	50
844	50
856	50
869	50
882	50
894	50
907	50.1
921	50.1
934	50.2
948	50.3
961	50.4
975	50.4
990	50.5
1004	50.6
1019	50.7
1033	50.8
1048	51
1064	51.1
1079	51.3
1095	51.5
1111	51.6
1127	51.8
1143	52.1
1160	52.3
1177	52.6
1194	52.9
1211	53.1
1229	53.4
1247	53.7
1265	53.9
1283	54.1
1302	54.3
1321	54.5
1340	54.7
1360	54.9
1379	55.1
1399	55.2
1420	55.4
1440	55.5
1461	55.7
1483	55.8
1504	56
1526	56.1
1548	56.2
1571	56.4
1594	56.5
1617	56.6
1640	56.7
1664	56.9
1688	57
1713	57.1
1738	57.3
1763	57.4
1789	57.5
1815	57.7
1841	57.8
1868	57.9
1895	58.1
1923	58.2
1951	58.4
1979	58.5
2008	58.6
2037	58.8
2067	58.9
2097	59
2127	59
2158	59.1
2190	59.2
2221	59.2
2254	59.2
2287	59.2
2320	59.2
2354	59.2
2388	59.1
2423	59.1
2458	59
2494	58.9
2530	58.8
2567	58.7
2604	58.6
2642	58.5
2680	58.4
2719	58.3
2759	58.1
2799	57.9
2840	57.8
2881	57.7
2923	57.6
2965	57.4
3008	57.3
3052	57.1
3097	57
3142	56.9
3187	56.7
3234	56.6
3281	56.4
3328	56.3
3377	56.2
3426	56
3476	55.9
3526	55.8
3578	55.7
3630	55.6
3682	55.5
3736	55.4
3790	55.3
3846	55.1
3901	55
3958	55
4016	54.9
4074	54.8
4133	54.7
4194	54.7
4255	54.6
4316	54.6
4379	54.6
4443	54.6
4508	54.6
4573	54.5
4640	54.5
4707	54.5
4776	54.5
4845	54.5
4916	54.5
4987	54.5
5060	54.5
5133	54.5
5208	54.5
5284	54.5
5360	54.4
5438	54.3
5518	54.2
5598	54.1
5679	53.9
5762	53.8
5846	53.7
5931	53.6
6017	53.5
6104	53.3
6193	53
6283	52.7
6375	52.4
6467	52.1
6561	51.6
6657	51.3
6754	51
6852	50.7
6952	50.3
7053	50
7155	49.8
7259	49.5
7365	49.2
7472	48.9
7581	48.7
7691	48.4
7803	48.1
7916	47.9
8032	47.6
8148	47.4
8267	47.3
8387	47.2
8509	47.3
8633	47.6
8758	48.1
8886	48.9
9015	49.9
9146	51.1
9279	52.2
9414	53.3
9551	54.1
9690	54.8
9831	55.2
9974	55.4
10119	55.3
10266	55
10416	54.6
10567	54.1
10721	53.5
10877	52.7
11035	52
11196	51.2
11358	50.5
11524	49.9
11691	49.2
11861	48.7
12034	48.2
12209	47.8
12386	47.5
12567	47.3
12749	47.2
12935	47.1
13123	47.2
13314	47.4
13507	47.6
13704	47.9
13903	48.3
14105	48.7
14311	49.1
14519	49.2
14730	48.9
14944	48.3
15162	47.4
15382	45.7
15606	44.4
15833	43
16063	41.7
16297	40.4
16534	39.2
16774	38.2
17018	37.2
17266	36.5
17517	36
17772	35.7
18030	35.4
18293	35.2
18559	34.7
18829	34
19102	33.2
19380	32.3
20000	31.7
overall dB	78.9 dB
decay	Average
averaging	1/6 Octave
source	Headset Mic 3 Low Range
latitude	0
longitude	0
saved	2022/03/20 21:36
peak	35.2Hz
