* Measurement data measured by REW V5,19
* Source: Input device not selected, no input selected, L, volume: no control
* Format: 256k Log Swept Sine, 1 sweep at -12,0 dBFS  With no timing reference
* Dated: 2021-maj-18 13:10:05
* REW Settings:
*  C-weighting compensation: Off
*  Target level: 75.0 dB
* Note: Final Audio Type E tips + stock cable 3.5mm
* Measurement: Sony MDR-XB75AP
* Smoothing: 1/12 octave
* Frequency Step: 1/48 octave
* Start Frequency: 20.3 Hz
*
* Freq(Hz)	SPL(dB)	Phase(degrees)
20.291	88.470	33.518
20.586	88.485	33.340
20.885	88.524	32.941
21.189	88.569	32.468
21.497	88.614	31.955
21.810	88.658	31.423
22.127	88.698	30.877
22.449	88.734	30.315
22.776	88.767	29.735
23.107	88.797	29.139
23.443	88.826	28.527
23.784	88.853	27.902
24.130	88.881	27.267
24.481	88.908	26.622
24.837	88.937	25.970
25.198	88.966	25.314
25.565	88.995	24.654
25.937	89.024	23.995
26.314	89.053	23.338
26.697	89.080	22.689
27.085	89.105	22.052
27.479	89.127	21.431
27.879	89.148	20.829
28.284	89.169	20.244
28.696	89.189	19.667
29.113	89.209	19.088
29.537	89.229	18.500
29.966	89.247	17.899
30.402	89.262	17.288
30.844	89.276	16.674
31.293	89.288	16.058
31.748	89.299	15.442
32.210	89.309	14.824
32.678	89.320	14.203
33.154	89.329	13.579
33.636	89.339	12.956
34.125	89.348	12.335
34.621	89.357	11.717
35.125	89.366	11.103
35.636	89.374	10.494
36.154	89.381	9.890
36.680	89.386	9.292
37.214	89.390	8.700
37.755	89.392	8.111
38.304	89.393	7.523
38.861	89.392	6.932
39.427	89.389	6.338
40.000	89.384	5.745
40.582	89.377	5.157
41.172	89.370	4.574
41.771	89.365	3.993
42.379	89.361	3.409
42.995	89.357	2.823
43.620	89.354	2.238
44.255	89.350	1.656
44.898	89.346	1.078
45.552	89.340	0.505
46.214	89.333	-0.064
46.886	89.324	-0.630
47.568	89.314	-1.194
48.260	89.301	-1.758
48.962	89.287	-2.324
49.674	89.271	-2.892
50.397	89.255	-3.463
51.130	89.237	-4.037
51.874	89.219	-4.612
52.628	89.199	-5.184
53.394	89.178	-5.752
54.170	89.156	-6.313
54.958	89.133	-6.871
55.758	89.109	-7.426
56.569	89.083	-7.980
57.391	89.056	-8.535
58.226	89.028	-9.088
59.073	88.998	-9.641
59.932	88.968	-10.191
60.804	88.936	-10.739
61.688	88.904	-11.286
62.586	88.871	-11.830
63.496	88.837	-12.374
64.420	88.802	-12.915
65.357	88.767	-13.453
66.307	88.731	-13.988
67.272	88.694	-14.521
68.250	88.658	-15.051
69.243	88.620	-15.579
70.250	88.583	-16.106
71.272	88.545	-16.634
72.309	88.506	-17.164
73.360	88.467	-17.698
74.427	88.427	-18.236
75.510	88.386	-18.777
76.608	88.344	-19.319
77.723	88.302	-19.861
78.853	88.259	-20.401
80.000	88.214	-20.936
81.164	88.168	-21.468
82.344	88.121	-21.996
83.542	88.073	-22.520
84.757	88.022	-23.042
85.990	87.969	-23.563
87.241	87.913	-24.082
88.510	87.856	-24.601
89.797	87.797	-25.120
91.103	87.737	-25.639
92.428	87.676	-26.157
93.773	87.614	-26.673
95.137	87.549	-27.186
96.520	87.483	-27.696
97.924	87.415	-28.203
99.349	87.346	-28.710
100.794	87.274	-29.215
102.260	87.201	-29.719
103.747	87.127	-30.222
105.256	87.051	-30.724
106.787	86.975	-31.224
108.340	86.897	-31.724
109.916	86.818	-32.222
111.515	86.738	-32.717
113.137	86.655	-33.207
114.783	86.568	-33.688
116.452	86.477	-34.160
118.146	86.382	-34.622
119.865	86.280	-35.074
121.608	86.171	-35.513
123.377	86.056	-35.931
125.171	85.932	-36.315
126.992	85.799	-36.648
128.839	85.658	-36.908
130.713	85.509	-37.067
132.615	85.354	-37.085
134.543	85.200	-36.920
136.500	85.057	-36.543
138.486	84.944	-35.966
140.500	84.878	-35.269
142.544	84.874	-34.607
144.617	84.926	-34.174
146.721	85.014	-34.131
148.855	85.106	-34.533
151.020	85.176	-35.318
153.217	85.207	-36.345
155.445	85.197	-37.467
157.706	85.152	-38.571
160.000	85.079	-39.591
162.327	84.987	-40.504
164.688	84.882	-41.311
167.084	84.769	-42.023
169.514	84.650	-42.658
171.980	84.528	-43.232
174.481	84.402	-43.758
177.019	84.274	-44.247
179.594	84.145	-44.707
182.206	84.015	-45.143
184.856	83.884	-45.556
187.545	83.751	-45.950
190.273	83.616	-46.325
193.041	83.479	-46.683
195.849	83.339	-47.022
198.697	83.195	-47.343
201.587	83.050	-47.644
204.520	82.901	-47.926
207.494	82.750	-48.187
210.512	82.597	-48.427
213.574	82.441	-48.643
216.681	82.284	-48.837
219.833	82.124	-49.009
223.030	81.962	-49.161
226.274	81.798	-49.291
229.565	81.633	-49.401
232.905	81.466	-49.488
236.292	81.297	-49.552
239.729	81.126	-49.593
243.216	80.953	-49.607
246.754	80.778	-49.593
250.343	80.600	-49.549
253.984	80.421	-49.473
257.678	80.241	-49.363
261.426	80.058	-49.218
265.229	79.875	-49.038
269.087	79.691	-48.823
273.001	79.507	-48.571
276.972	79.322	-48.281
281.000	79.138	-47.949
285.088	78.953	-47.573
289.234	78.769	-47.150
293.441	78.585	-46.681
297.710	78.402	-46.169
302.040	78.220	-45.611
306.433	78.041	-45.006
310.890	77.865	-44.352
315.412	77.691	-43.648
320.000	77.521	-42.897
324.655	77.354	-42.098
329.377	77.191	-41.252
334.168	77.032	-40.361
339.028	76.879	-39.424
343.959	76.731	-38.443
348.962	76.590	-37.420
354.038	76.456	-36.358
359.188	76.330	-35.262
364.412	76.212	-34.130
369.713	76.103	-32.965
375.090	76.003	-31.770
380.546	75.912	-30.550
386.081	75.831	-29.310
391.697	75.761	-28.057
397.395	75.701	-26.793
403.175	75.652	-25.522
409.039	75.614	-24.250
414.989	75.586	-22.984
421.025	75.568	-21.728
427.149	75.561	-20.485
433.362	75.564	-19.258
439.665	75.576	-18.053
446.060	75.597	-16.874
452.548	75.627	-15.726
459.131	75.664	-14.610
465.809	75.708	-13.526
472.584	75.758	-12.477
479.458	75.814	-11.463
486.432	75.874	-10.488
493.507	75.939	-9.555
500.686	76.008	-8.666
507.968	76.080	-7.819
515.357	76.154	-7.013
522.853	76.232	-6.248
530.458	76.312	-5.523
538.174	76.394	-4.837
546.002	76.478	-4.191
553.943	76.563	-3.582
562.001	76.649	-3.010
570.175	76.737	-2.473
578.469	76.825	-1.968
586.883	76.914	-1.497
595.419	77.005	-1.058
604.080	77.098	-0.650
612.866	77.192	-0.271
621.780	77.289	0.081
630.824	77.386	0.408
640.000	77.483	0.710
649.309	77.579	0.988
658.753	77.674	1.244
668.335	77.768	1.480
678.056	77.860	1.697
687.919	77.951	1.897
697.925	78.040	2.080
708.076	78.128	2.248
718.376	78.214	2.404
728.825	78.299	2.549
739.426	78.383	2.684
750.181	78.465	2.808
761.093	78.546	2.924
772.163	78.625	3.031
783.394	78.704	3.130
794.789	78.781	3.221
806.349	78.858	3.304
818.078	78.934	3.379
829.977	79.009	3.445
842.050	79.082	3.503
854.297	79.154	3.556
866.724	79.223	3.610
879.330	79.290	3.678
892.120	79.356	3.773
905.097	79.425	3.901
918.262	79.498	4.052
931.618	79.577	4.207
945.169	79.661	4.343
958.917	79.745	4.446
972.864	79.827	4.511
987.015	79.907	4.537
1001.371	79.985	4.525
1015.937	80.063	4.473
1030.714	80.142	4.380
1045.706	80.220	4.242
1060.916	80.297	4.056
1076.347	80.371	3.818
1092.003	80.441	3.525
1107.887	80.507	3.174
1124.001	80.568	2.765
1140.350	80.624	2.293
1156.937	80.676	1.759
1173.765	80.722	1.163
1190.838	80.764	0.507
1208.159	80.801	-0.207
1225.732	80.832	-0.975
1243.561	80.856	-1.794
1261.649	80.871	-2.660
1280.000	80.874	-3.566
1298.618	80.864	-4.505
1317.507	80.840	-5.470
1336.670	80.803	-6.452
1356.113	80.752	-7.440
1375.838	80.686	-8.419
1395.850	80.604	-9.370
1416.153	80.503	-10.267
1436.751	80.382	-11.080
1457.649	80.237	-11.775
1478.851	80.071	-12.314
1500.362	79.885	-12.658
1522.185	79.684	-12.772
1544.326	79.474	-12.626
1566.789	79.264	-12.209
1589.578	79.065	-11.525
1612.699	78.887	-10.604
1636.156	78.739	-9.490
1659.955	78.627	-8.243
1684.099	78.552	-6.928
1708.595	78.515	-5.608
1733.447	78.511	-4.335
1758.661	78.535	-3.146
1784.241	78.581	-2.063
1810.193	78.642	-1.097
1836.523	78.715	-0.247
1863.236	78.796	0.491
1890.338	78.882	1.127
1917.833	78.972	1.673
1945.729	79.065	2.142
1974.030	79.159	2.543
2002.743	79.254	2.887
2031.873	79.347	3.180
2061.428	79.438	3.430
2091.412	79.526	3.643
2121.832	79.611	3.823
2152.695	79.692	3.974
2184.007	79.769	4.099
2215.774	79.841	4.201
2248.003	79.908	4.287
2280.701	79.970	4.363
2313.874	80.028	4.437
2347.530	80.081	4.515
2381.676	80.130	4.598
2416.318	80.176	4.678
2451.464	80.216	4.739
2487.122	80.250	4.764
2523.298	80.274	4.748
2560.000	80.285	4.710
2597.236	80.280	4.685
2635.014	80.259	4.723
2673.341	80.226	4.871
2712.226	80.188	5.166
2751.676	80.155	5.619
2791.700	80.137	6.208
2832.306	80.144	6.872
2873.503	80.181	7.523
2915.299	80.241	8.066
2957.703	80.315	8.436
3000.724	80.387	8.610
3044.370	80.444	8.616
3088.652	80.478	8.512
3133.577	80.484	8.375
3179.156	80.462	8.275
3225.398	80.417	8.271
3272.312	80.354	8.407
3319.909	80.278	8.709
3368.198	80.198	9.191
3417.190	80.119	9.854
3466.894	80.050	10.680
3517.321	79.996	11.638
3568.482	79.961	12.685
3620.387	79.945	13.778
3673.046	79.946	14.883
3726.472	79.960	15.978
3780.675	79.984	17.060
3835.666	80.014	18.136
3891.457	80.049	19.224
3948.060	80.085	20.356
4005.486	80.124	21.571
4063.747	80.170	22.911
4122.855	80.232	24.405
4182.824	80.320	26.053
4243.664	80.447	27.822
4305.390	80.620	29.651
4368.013	80.842	31.473
4431.547	81.112	33.232
4496.005	81.427	34.889
4561.401	81.787	36.411
4627.749	82.190	37.769
4695.061	82.639	38.926
4763.352	83.135	39.827
4832.637	83.678	40.399
4902.929	84.263	40.542
4974.244	84.882	40.136
5046.596	85.515	39.042
5120.000	86.134	37.139
5194.472	86.706	34.371
5270.027	87.199	30.784
5346.682	87.594	26.514
5424.451	87.877	21.728
5503.352	88.041	16.577
5583.399	88.074	11.223
5664.612	87.968	5.893
5747.006	87.721	0.871
5830.598	87.345	-3.562
5915.406	86.862	-7.197
6001.447	86.303	-9.928
6088.740	85.700	-11.744
6177.303	85.086	-12.706
6267.154	84.490	-12.916
6358.312	83.937	-12.494
6450.796	83.446	-11.563
6544.625	83.030	-10.241
6639.818	82.698	-8.635
6736.397	82.453	-6.840
6834.380	82.301	-4.951
6933.789	82.247	-3.064
7034.643	82.305	-1.292
7136.964	82.490	0.212
7240.773	82.815	1.234
7346.093	83.281	1.472
7452.944	83.858	0.523
7561.350	84.488	-2.083
7671.332	85.076	-6.770
7782.915	85.514	-13.716
7896.120	85.695	-22.611
8010.971	85.542	-32.555
8127.493	85.019	-42.251
8245.711	84.135	-50.445
8365.647	82.945	-56.333
8487.328	81.531	-59.696
8610.779	79.994	-60.760
8736.026	78.435	-59.956
8863.095	76.939	-57.730
8992.011	75.566	-54.454
9122.803	74.344	-50.405
9255.497	73.279	-45.779
9390.121	72.364	-40.716
9526.704	71.586	-35.318
9665.273	70.933	-29.660
9805.857	70.395	-23.803
9948.487	69.967	-17.795
10093.191	69.650	-11.683
10240.000	69.451	-5.512
10388.944	69.383	0.662
10540.055	69.466	6.758
10693.363	69.725	12.653
10848.902	70.187	18.150
11006.703	70.869	22.935
11166.799	71.751	26.522
11329.224	72.760	28.234
11494.012	73.767	27.283
11661.195	74.611	23.046
11830.812	75.135	15.548
12002.895	75.215	5.865
12177.480	74.789	-4.002
12354.606	73.864	-11.930
12534.309	72.513	-16.574
12716.624	70.853	-17.688
12901.592	69.033	-15.819
13089.250	67.207	-11.795
13279.637	65.515	-6.373
13472.794	64.055	-0.100
13668.760	62.881	6.668
13867.577	62.016	13.695
14069.285	61.465	20.795
14273.928	61.232	27.777
14481.547	61.328	34.377
14692.186	61.753	40.180
14905.889	62.467	44.542
15122.700	63.354	46.591
15342.664	64.232	45.403
15565.829	64.898	40.468
15792.239	65.167	32.317
16021.942	64.915	22.840
16254.986	64.088	14.794
16491.422	62.713	10.707
16731.295	60.875	12.058
16974.656	58.718	19.126
17221.559	56.488	30.977
17472.053	54.609	45.293
17726.189	53.511	58.895
17984.021	53.111	69.573
18245.605	52.918	77.502
18510.994	52.629	84.365
18780.242	52.236	91.406
19053.408	51.835	98.708
19330.547	51.487	105.715
19611.715	51.217	111.651
19896.975	51.043	115.603
