* Measurement data measured by REW V5.20.4
* Source: Microphone (Sound Blaster Play! 3), MICROPHONE (Master Volume), R, volume: 0.250
* Format: 256k Log Swept Sine, 1 sweep at -12.0 dBFS with no timing reference
* Dated: 26-Apr-2022 00:29:22
* REW Settings:
*  C-weighting compensation: Off
*  Target level: 75.0 dB
* Note: ; 
* Measurement: FiR Audio XE6 Silver Atom R
* Smoothing: None
* Frequency Step: 1/48 octave
* Start Frequency: 20.000 Hz
*
* Freq(Hz)	SPL(dB)	Phase(degrees)
20.000000	88.239	76.9100
20.299999	88.313	75.6898
20.600000	88.381	74.4949
20.900000	88.444	73.3365
21.200001	88.503	72.2212
21.400000	88.542	71.5011
21.799999	88.621	70.1082
22.000000	88.661	69.4282
22.400000	88.745	68.0820
22.700001	88.810	67.0679
23.000000	88.873	66.0385
23.299999	88.933	64.9950
23.600000	88.987	63.9479
24.000000	89.048	62.5739
24.299999	89.088	61.5838
24.700001	89.135	60.3363
25.000000	89.171	59.4526
25.400000	89.221	58.3228
25.799999	89.275	57.2170
26.200001	89.329	56.1150
26.500000	89.368	55.2913
26.900000	89.417	54.2053
27.200001	89.451	53.4058
27.600000	89.494	52.3611
28.000000	89.536	51.3362
28.500000	89.585	50.0768
29.000000	89.629	48.8462
29.500000	89.671	47.6520
30.000000	89.711	46.4893
30.400000	89.743	45.5728
30.700001	89.766	44.8906
31.100000	89.796	43.9900
31.500000	89.824	43.1042
32.000000	89.857	42.0231
32.500000	89.890	40.9690
33.000000	89.923	39.9356
33.500000	89.955	38.9201
34.000000	89.986	37.9223
34.500000	90.015	36.9405
35.000000	90.042	35.9751
35.500000	90.066	35.0330
36.000000	90.088	34.1224
36.500000	90.110	33.2405
37.000000	90.133	32.3708
37.500000	90.156	31.4989
38.200001	90.182	30.2826
38.700001	90.196	29.4370
39.500000	90.220	28.1276
40.000000	90.236	27.3149
40.599998	90.253	26.3402
41.200001	90.267	25.3892
41.799999	90.282	24.4697
42.500000	90.303	23.4020
43.099998	90.318	22.4788
43.700001	90.327	21.5917
44.400002	90.340	20.6244
45.000000	90.357	19.7924
45.500000	90.368	19.0699
46.200001	90.373	18.0875
46.799999	90.378	17.3187
47.500000	90.396	16.3774
48.200001	90.398	15.3270
48.700001	90.380	14.6455
49.400002	90.363	13.9330
50.000000	90.383	13.3643
50.799999	90.428	12.3257
51.500000	90.438	11.3087
52.200001	90.437	10.4171
53.000000	90.447	9.4443
53.799999	90.451	8.4552
54.500000	90.450	7.6710
55.200001	90.457	6.9255
56.000000	90.470	6.0372
57.000000	90.478	4.8956
58.000000	90.476	3.7679
59.000000	90.471	2.7043
60.000000	90.470	1.6376
60.799999	90.466	0.7843
61.500000	90.462	0.0690
62.200001	90.462	-0.6399
63.000000	90.463	-1.4717
64.000000	90.459	-2.5050
65.000000	90.453	-3.4990
66.000000	90.447	-4.4892
67.000000	90.437	-5.4438
68.000000	90.431	-6.3746
69.000000	90.424	-7.3304
70.000000	90.411	-8.2637
71.000000	90.402	-9.1579
72.000000	90.396	-10.0686
73.000000	90.387	-10.9894
74.000000	90.377	-11.8762
75.000000	90.368	-12.7750
76.199997	90.353	-13.8277
77.500000	90.339	-14.9611
78.800003	90.319	-16.0655
80.000000	90.306	-17.0757
81.199997	90.288	-18.0864
82.500000	90.273	-19.1725
83.800003	90.248	-20.2500
85.000000	90.237	-21.2111
86.199997	90.212	-22.2137
87.500000	90.200	-23.1960
88.500000	90.181	-24.0443
90.000000	90.156	-25.1708
91.199997	90.129	-26.1179
92.500000	90.109	-27.0805
93.800003	90.084	-28.0630
95.000000	90.065	-29.0059
96.199997	90.037	-29.8697
97.500000	90.023	-30.8718
98.800003	89.991	-31.7888
100.000000	89.976	-32.6882
101.500000	89.941	-33.7592
103.000000	89.904	-34.8557
104.400002	89.883	-35.8132
106.000000	89.837	-36.9757
107.500000	89.816	-38.0364
109.000000	89.773	-39.0438
110.599998	89.742	-40.1888
112.000000	89.707	-41.0488
113.800003	89.666	-42.3584
115.000000	89.635	-43.0867
117.199997	89.582	-44.5830
118.000000	89.566	-45.0756
120.599998	89.500	-46.8096
122.000000	89.474	-47.6602
124.099998	89.419	-49.0150
125.000000	89.401	-49.5687
126.500000	89.363	-50.6083
128.000000	89.315	-51.4463
131.500000	89.226	-53.6332
132.000000	89.213	-53.9183
134.000000	89.164	-55.1870
136.000000	89.107	-56.3393
138.000000	89.058	-57.5953
140.000000	88.995	-58.6854
143.000000	88.917	-60.5073
145.000000	88.860	-61.5817
147.500000	88.784	-63.0776
150.000000	88.713	-64.4208
152.500000	88.632	-65.8658
155.000000	88.559	-67.2180
157.500000	88.484	-68.6430
160.000000	88.403	-69.9078
162.500000	88.330	-71.2237
165.000000	88.236	-72.4996
167.500000	88.157	-73.7011
170.000000	88.069	-75.0006
172.500000	87.973	-76.0987
175.000000	87.896	-77.1024
177.500000	87.800	-78.1631
180.000000	87.735	-79.0081
182.500000	87.699	-79.9818
185.000000	87.646	-80.8461
187.500000	87.641	-81.8281
190.000000	87.629	-83.1055
192.500000	87.570	-84.2462
195.000000	87.561	-85.4344
197.500000	87.545	-86.7956
200.000000	87.469	-88.0779
203.000000	87.396	-89.7370
206.000000	87.325	-91.2222
209.000000	87.263	-92.7350
212.000000	87.177	-94.0914
214.000000	87.113	-94.9609
218.000000	87.012	-96.8317
220.000000	86.955	-97.7379
224.000000	86.857	-99.4698
227.000000	86.765	-100.7335
230.000000	86.694	-102.0803
233.000000	86.611	-103.3151
236.000000	86.543	-104.6005
240.000000	86.435	-106.2736
243.000000	86.382	-107.4960
247.000000	86.269	-109.0911
250.000000	86.205	-110.2144
254.000000	86.101	-111.8433
258.000000	86.006	-113.3547
262.000000	85.930	-114.8824
265.000000	85.839	-116.0758
269.000000	85.747	-117.5980
272.000000	85.698	-118.7285
276.000000	85.599	-120.2936
280.000000	85.502	-121.7888
285.000000	85.393	-123.4714
290.000000	85.312	-125.3840
295.000000	85.202	-127.2935
300.000000	85.099	-129.2363
304.000000	84.995	-130.6868
307.000000	84.922	-131.7526
311.000000	84.828	-133.1306
315.000000	84.735	-134.4783
320.000000	84.621	-136.1858
325.000000	84.504	-137.8633
330.000000	84.388	-139.6159
335.000000	84.276	-141.4211
340.000000	84.183	-143.1860
345.000000	84.093	-144.8738
350.000000	83.999	-146.4562
355.000000	83.893	-148.1131
360.000000	83.794	-149.8301
365.000000	83.709	-151.4075
370.000000	83.605	-152.9897
375.000000	83.517	-154.6115
382.000000	83.378	-156.8102
387.000000	83.292	-158.3946
395.000000	83.140	-160.8534
400.000000	83.050	-162.3472
406.000000	82.951	-164.1268
412.000000	82.853	-165.8725
418.000000	82.766	-167.6799
425.000000	82.665	-169.7839
431.000000	82.571	-171.6439
437.000000	82.478	-173.4482
444.000000	82.362	-175.5937
450.000000	82.265	-177.3988
455.000000	82.181	-178.8327
462.000000	82.071	179.1354
468.000000	81.974	177.3939
475.000000	81.854	175.4115
482.000000	81.751	173.4589
487.000000	81.666	172.0462
494.000000	81.555	170.1099
500.000000	81.466	168.4818
508.000000	81.340	166.3506
515.000000	81.242	164.4434
522.000000	81.142	162.5789
530.000000	81.017	160.4950
538.000000	80.908	158.4282
545.000000	80.807	156.6193
552.000000	80.712	154.8691
560.000000	80.600	152.8038
570.000000	80.458	150.2996
580.000000	80.327	147.8569
590.000000	80.197	145.4292
600.000000	80.064	143.0261
608.000000	79.973	141.1302
615.000000	79.881	139.4762
622.000000	79.798	137.8879
630.000000	79.700	136.0350
640.000000	79.590	133.7656
650.000000	79.468	131.5033
660.000000	79.363	129.2704
670.000000	79.241	127.0964
680.000000	79.144	124.9117
690.000000	79.013	122.7974
700.000000	78.896	120.7648
710.000000	78.782	118.8651
720.000000	78.679	117.2186
730.000000	78.666	115.4292
740.000000	78.624	113.3399
750.000000	78.576	111.1879
762.000000	78.479	108.8385
775.000000	78.402	106.2220
788.000000	78.328	103.7136
800.000000	78.255	101.4260
812.000000	78.198	99.1539
825.000000	78.140	96.6831
838.000000	78.091	94.3044
850.000000	78.054	92.1348
862.000000	78.003	89.8594
875.000000	77.979	87.5093
885.000000	77.959	85.7109
900.000000	77.945	83.0273
912.000000	77.940	80.7950
925.000000	77.938	78.4648
938.000000	77.931	76.0724
950.000000	77.933	73.9316
962.000000	77.934	71.7345
975.000000	77.964	69.2872
988.000000	77.977	66.8804
1000.000000	77.993	64.6183
1015.000000	78.024	61.8411
1030.000000	78.055	59.0658
1044.000000	78.086	56.3085
1060.000000	78.119	53.2151
1075.000000	78.151	50.3511
1090.000000	78.196	47.3859
1106.000000	78.226	44.2503
1120.000000	78.262	41.5044
1138.000000	78.292	37.9340
1150.000000	78.330	35.5853
1172.000000	78.361	31.1931
1180.000000	78.375	29.6547
1206.000000	78.413	24.5535
1220.000000	78.433	21.8636
1241.000000	78.458	17.7587
1250.000000	78.478	16.0082
1265.000000	78.487	13.0958
1280.000000	78.496	10.2880
1315.000000	78.530	3.6889
1320.000000	78.529	2.7947
1340.000000	78.535	-0.9158
1360.000000	78.560	-4.5658
1380.000000	78.575	-8.1019
1400.000000	78.589	-11.6855
1430.000000	78.614	-16.9525
1450.000000	78.634	-20.3816
1475.000000	78.655	-24.6462
1500.000000	78.698	-28.8360
1525.000000	78.722	-32.9622
1550.000000	78.785	-36.9453
1575.000000	78.828	-40.9221
1600.000000	78.884	-44.8384
1625.000000	78.951	-48.7627
1650.000000	79.025	-52.6166
1675.000000	79.103	-56.4294
1700.000000	79.191	-60.2153
1725.000000	79.287	-63.9239
1750.000000	79.395	-67.6592
1775.000000	79.508	-71.2939
1800.000000	79.626	-75.0040
1825.000000	79.764	-78.5995
1850.000000	79.906	-82.2272
1875.000000	80.059	-85.8707
1900.000000	80.215	-89.4644
1925.000000	80.381	-93.1696
1950.000000	80.562	-96.7632
1975.000000	80.754	-100.4419
2000.000000	80.953	-104.0562
2030.000000	81.204	-108.5219
2060.000000	81.475	-112.9957
2090.000000	81.759	-117.6204
2120.000000	82.053	-122.3096
2140.000000	82.261	-125.5161
2180.000000	82.684	-132.0586
2200.000000	82.902	-135.5074
2240.000000	83.344	-142.5347
2270.000000	83.673	-148.1096
2300.000000	84.002	-154.0289
2330.000000	84.299	-160.2205
2360.000000	84.564	-166.7095
2400.000000	84.830	-175.7385
2430.000000	84.942	177.2361
2470.000000	84.952	168.0537
2500.000000	84.866	161.4561
2540.000000	84.654	153.4060
2580.000000	84.417	146.3567
2620.000000	84.211	140.1279
2650.000000	84.110	135.7935
2690.000000	84.026	130.1791
2720.000000	84.002	125.9076
2760.000000	83.980	120.1444
2800.000000	83.954	114.2200
2850.000000	83.891	106.7622
2900.000000	83.792	99.3878
2950.000000	83.654	92.3564
3000.000000	83.487	85.5977
3040.000000	83.357	80.5178
3070.000000	83.252	76.7955
3110.000000	83.115	72.1138
3150.000000	82.981	67.6549
3200.000000	82.839	62.4071
3250.000000	82.711	57.4066
3300.000000	82.632	52.7047
3350.000000	82.569	48.1796
3400.000000	82.552	43.8739
3450.000000	82.575	39.6488
3500.000000	82.639	35.5146
3550.000000	82.755	31.3956
3600.000000	82.916	27.1501
3650.000000	83.101	22.7681
3700.000000	83.334	18.1313
3750.000000	83.582	13.0958
3820.000000	83.913	5.2690
3870.000000	84.094	-0.8662
3950.000000	84.169	-11.4666
4000.000000	84.032	-18.0416
4060.000000	83.667	-25.0878
4120.000000	83.144	-30.3210
4180.000000	82.596	-31.4011
4250.000000	83.829	-34.5720
4310.000000	83.502	-44.2272
4370.000000	83.086	-48.4619
4440.000000	82.877	-52.1302
4500.000000	82.832	-55.1884
4550.000000	82.854	-57.8264
4620.000000	82.909	-61.8262
4680.000000	82.930	-65.2031
4750.000000	82.934	-68.7104
4820.000000	83.034	-71.3735
4870.000000	83.233	-73.0938
4940.000000	83.667	-76.1517
5000.000000	84.104	-79.6589
5080.000000	84.688	-85.7113
5150.000000	85.111	-92.0834
5220.000000	85.413	-99.1725
5300.000000	85.557	-107.8257
5380.000000	85.487	-116.1936
5450.000000	85.259	-123.0712
5520.000000	84.923	-129.2557
5600.000000	84.454	-135.3458
5700.000000	83.811	-141.4126
5800.000000	83.193	-145.8433
5900.000000	82.651	-149.0037
6000.000000	82.198	-151.2604
6080.000000	81.921	-152.5449
6150.000000	81.770	-153.4923
6220.000000	81.642	-154.2844
6300.000000	81.596	-155.2256
6400.000000	81.604	-156.5579
6500.000000	81.674	-158.4235
6600.000000	81.691	-160.8577
6700.000000	81.591	-162.9414
6800.000000	81.584	-164.4778
6900.000000	81.442	-165.9409
7000.000000	81.369	-166.4379
7100.000000	81.407	-166.8174
7200.000000	81.480	-167.0188
7300.000000	81.641	-167.6669
7400.000000	81.776	-168.3131
7500.000000	81.898	-168.9766
7620.000000	82.062	-169.2250
7750.000000	82.380	-169.6927
7880.000000	82.714	-170.8804
8000.000000	83.040	-172.3690
8120.000000	83.322	-174.2306
8250.000000	83.537	-176.6873
8380.000000	83.675	-179.4348
8500.000000	83.669	178.0498
8620.000000	83.546	175.8303
8750.000000	83.289	174.1649
8850.000000	83.044	173.6359
9000.000000	82.664	174.0253
9120.000000	82.399	175.2808
9250.000000	82.204	177.5444
9380.000000	82.131	-179.8269
9500.000000	82.199	-176.9946
9620.000000	82.383	-174.4760
9750.000000	82.734	-172.0054
9880.000000	83.242	-170.6758
10000.000000	83.804	-170.8481
10150.000000	84.470	-174.1188
10300.000000	84.718	179.1561
10440.000000	84.225	171.6354
10600.000000	82.839	165.5927
10750.000000	81.154	164.1062
10900.000000	79.388	166.3058
11060.000000	77.590	172.3312
11200.000000	76.193	179.6616
11380.000000	74.655	-169.2194
11500.000000	73.768	-160.5171
11720.000000	72.357	-142.7454
11800.000000	71.952	-135.8757
12060.000000	71.164	-112.0433
12200.000000	70.869	-99.4885
12410.000000	70.894	-80.4220
12500.000000	70.931	-72.8662
12650.000000	71.192	-59.4569
12800.000000	71.599	-47.3242
13150.000000	72.681	-21.4158
13200.000000	72.852	-18.1855
13400.000000	73.354	-5.6298
13600.000000	73.680	6.4996
13800.000000	73.889	19.5273
14000.000000	74.027	34.2600
14300.000000	74.606	58.9171
14500.000000	75.390	75.5837
14750.000000	76.832	94.7322
15000.000000	78.590	110.4376
15250.000000	80.369	121.8527
15500.000000	81.737	128.4625
15750.000000	82.254	132.6228
16000.000000	81.739	141.7102
16250.000000	82.067	158.3608
16500.000000	83.534	169.5474
16750.000000	84.884	170.5171
17000.000000	84.537	164.0238
17250.000000	82.262	163.1016
17500.000000	79.544	171.9000
17750.000000	77.179	-172.2485
18000.000000	75.286	-153.4609
18250.000000	73.878	-133.0555
18500.000000	72.935	-113.5555
18750.000000	72.402	-95.8221
19000.000000	72.072	-81.1053
19250.000000	71.722	-72.1042
19500.000000	70.425	-69.4240
19750.000000	67.296	-65.7789
