* Measurement data measured by REW V5.20.4
* Source: Microphone (Sound Blaster Play! 3), MICROPHONE (Master Volume), R, volume: 0.250
* Format: 256k Log Swept Sine, 1 sweep at -12.0 dBFS with no timing reference
* Dated: 04-May-2022 17:55:24
* REW Settings:
*  C-weighting compensation: Off
*  Target level: 75.0 dB
* Note: ; 
* Measurement: LimeEars Anima R
* Smoothing: None
* Frequency Step: 1/48 octave
* Start Frequency: 20.000 Hz
*
* Freq(Hz)	SPL(dB)	Phase(degrees)
20.000000	91.746	26.0519
20.299999	91.760	24.8036
20.600000	91.772	23.5951
20.900000	91.784	22.4222
21.200001	91.798	21.2726
21.400000	91.807	20.5117
21.799999	91.824	18.9999
22.000000	91.830	18.2505
22.400000	91.838	16.7761
22.700001	91.840	15.7026
23.000000	91.840	14.6615
23.299999	91.840	13.6473
23.600000	91.840	12.6513
24.000000	91.840	11.3391
24.299999	91.838	10.3628
24.700001	91.832	9.0765
25.000000	91.824	8.1309
25.400000	91.812	6.9019
25.799999	91.799	5.7071
26.200001	91.786	4.5348
26.500000	91.777	3.6621
26.900000	91.764	2.5012
27.200001	91.753	1.6334
27.600000	91.735	0.4877
28.000000	91.714	-0.6313
28.500000	91.686	-1.9769
29.000000	91.660	-3.2719
29.500000	91.637	-4.5494
30.000000	91.614	-5.8337
30.400000	91.590	-6.8519
30.700001	91.569	-7.5938
31.100000	91.540	-8.5384
31.500000	91.513	-9.4394
32.000000	91.486	-10.5485
32.500000	91.460	-11.6824
33.000000	91.426	-12.8236
33.500000	91.386	-13.9137
34.000000	91.347	-14.9358
34.500000	91.316	-15.9453
35.000000	91.286	-16.9937
35.500000	91.249	-18.0607
36.000000	91.204	-19.0826
36.500000	91.161	-20.0428
37.000000	91.123	-20.9897
37.500000	91.086	-21.9612
38.200001	91.024	-23.2997
38.700001	90.978	-24.1818
39.500000	90.919	-25.5554
40.000000	90.884	-26.4635
40.599998	90.830	-27.5535
41.200001	90.769	-28.5431
41.799999	90.719	-29.4603
42.500000	90.673	-30.5894
43.099998	90.624	-31.6271
43.700001	90.563	-32.6196
44.400002	90.491	-33.6499
45.000000	90.442	-34.4964
45.500000	90.407	-35.2434
46.200001	90.350	-36.3439
46.799999	90.289	-37.2552
47.500000	90.218	-38.2188
48.200001	90.157	-39.1376
48.700001	90.118	-39.8152
49.400002	90.060	-40.7938
50.000000	90.005	-41.6231
50.799999	89.929	-42.6891
51.500000	89.863	-43.5851
52.200001	89.799	-44.4429
53.000000	89.734	-45.4194
53.799999	89.668	-46.4382
54.500000	89.603	-47.3158
55.200001	89.537	-48.1412
56.000000	89.465	-49.0506
57.000000	89.379	-50.1548
58.000000	89.300	-51.2696
59.000000	89.211	-52.4268
60.000000	89.112	-53.4850
60.799999	89.041	-54.2822
61.500000	88.982	-54.9917
62.200001	88.923	-55.7104
63.000000	88.853	-56.5276
64.000000	88.764	-57.5195
65.000000	88.677	-58.4592
66.000000	88.597	-59.3912
67.000000	88.516	-60.3461
68.000000	88.433	-61.2797
69.000000	88.350	-62.2048
70.000000	88.261	-63.0992
71.000000	88.175	-63.9314
72.000000	88.094	-64.7512
73.000000	88.014	-65.5594
74.000000	87.938	-66.3684
75.000000	87.860	-67.2094
76.199997	87.757	-68.1826
77.500000	87.647	-69.1643
78.800003	87.544	-70.1039
80.000000	87.454	-70.9690
81.199997	87.371	-71.8162
82.500000	87.280	-72.7939
83.800003	87.186	-73.6953
85.000000	87.100	-74.5703
86.199997	87.006	-75.3884
87.500000	86.907	-76.2799
88.500000	86.828	-76.9324
90.000000	86.712	-77.8688
91.199997	86.623	-78.5719
92.500000	86.525	-79.3144
93.800003	86.424	-80.0156
95.000000	86.328	-80.6813
96.199997	86.231	-81.3340
97.500000	86.134	-82.1171
98.800003	86.034	-82.8705
100.000000	85.961	-83.5420
101.500000	85.867	-84.3168
103.000000	85.778	-84.9747
104.400002	85.684	-85.5380
106.000000	85.566	-86.2446
107.500000	85.455	-87.0165
109.000000	85.352	-87.8483
110.599998	85.262	-88.7394
112.000000	85.203	-89.3643
113.800003	85.114	-90.1261
115.000000	85.049	-90.5047
117.199997	84.913	-91.3167
118.000000	84.859	-91.6533
120.599998	84.720	-92.7414
122.000000	84.644	-93.3530
124.099998	84.547	-94.0056
125.000000	84.511	-94.3036
126.500000	84.435	-94.8759
128.000000	84.356	-95.3734
131.500000	84.205	-96.6290
132.000000	84.182	-96.8112
134.000000	84.089	-97.4286
136.000000	83.999	-98.0199
138.000000	83.908	-98.6807
140.000000	83.819	-99.2872
143.000000	83.693	-100.1556
145.000000	83.609	-100.7600
147.500000	83.510	-101.3589
150.000000	83.415	-102.0036
152.500000	83.322	-102.6490
155.000000	83.233	-103.2365
157.500000	83.149	-103.7929
160.000000	83.076	-104.3227
162.500000	82.990	-104.8798
165.000000	82.907	-105.3793
167.500000	82.840	-105.8705
170.000000	82.767	-106.3172
172.500000	82.699	-106.7872
175.000000	82.631	-107.2409
177.500000	82.567	-107.7089
180.000000	82.507	-108.1131
182.500000	82.446	-108.5195
185.000000	82.394	-108.8984
187.500000	82.344	-109.2731
190.000000	82.289	-109.6502
192.500000	82.247	-110.0106
195.000000	82.203	-110.3334
197.500000	82.163	-110.6527
200.000000	82.122	-111.0215
203.000000	82.076	-111.3831
206.000000	82.033	-111.7040
209.000000	81.992	-112.0226
212.000000	81.956	-112.4255
214.000000	81.937	-112.6467
218.000000	81.890	-113.0967
220.000000	81.871	-113.3024
224.000000	81.836	-113.7382
227.000000	81.814	-114.0308
230.000000	81.783	-114.3214
233.000000	81.768	-114.5992
236.000000	81.758	-114.8859
240.000000	81.737	-115.2390
243.000000	81.725	-115.4819
247.000000	81.720	-115.8433
250.000000	81.711	-116.0773
254.000000	81.709	-116.3794
258.000000	81.699	-116.7207
262.000000	81.703	-117.0395
265.000000	81.706	-117.3088
269.000000	81.709	-117.6797
272.000000	81.715	-117.8851
276.000000	81.722	-118.2256
280.000000	81.728	-118.5578
285.000000	81.742	-118.9761
290.000000	81.760	-119.3180
295.000000	81.781	-119.6966
300.000000	81.814	-120.0874
304.000000	81.838	-120.3687
307.000000	81.855	-120.5221
311.000000	81.873	-120.8339
315.000000	81.897	-121.1420
320.000000	81.926	-121.4974
325.000000	81.967	-121.8863
330.000000	82.001	-122.2861
335.000000	82.035	-122.6939
340.000000	82.071	-123.0553
345.000000	82.107	-123.4380
350.000000	82.142	-123.7754
355.000000	82.183	-124.2140
360.000000	82.221	-124.5226
365.000000	82.264	-124.9254
370.000000	82.316	-125.2364
375.000000	82.349	-125.5342
382.000000	82.423	-126.0445
387.000000	82.465	-126.3546
395.000000	82.536	-126.9267
400.000000	82.594	-127.2640
406.000000	82.658	-127.8079
412.000000	82.698	-128.3093
418.000000	82.756	-128.7249
425.000000	82.804	-129.3210
431.000000	82.862	-129.7388
437.000000	82.927	-130.2054
444.000000	82.979	-130.7399
450.000000	83.042	-131.1152
455.000000	83.099	-131.5095
462.000000	83.164	-131.9365
468.000000	83.233	-132.3560
475.000000	83.301	-132.9386
482.000000	83.358	-133.5651
487.000000	83.401	-133.8760
494.000000	83.465	-134.4266
500.000000	83.500	-134.9099
508.000000	83.575	-135.5822
515.000000	83.630	-136.1631
522.000000	83.685	-136.7033
530.000000	83.734	-137.3761
538.000000	83.785	-137.9681
545.000000	83.841	-138.4651
552.000000	83.889	-138.9211
560.000000	83.952	-139.4797
570.000000	84.027	-140.1821
580.000000	84.082	-140.8094
590.000000	84.143	-141.4315
600.000000	84.216	-142.0493
608.000000	84.274	-142.6405
615.000000	84.314	-143.0872
622.000000	84.362	-143.5487
630.000000	84.398	-144.1005
640.000000	84.476	-144.8421
650.000000	84.531	-145.4569
660.000000	84.573	-146.1188
670.000000	84.640	-146.7615
680.000000	84.689	-147.3060
690.000000	84.759	-147.8346
700.000000	84.813	-148.4229
710.000000	84.860	-148.8721
720.000000	84.918	-149.3511
730.000000	84.978	-149.8453
740.000000	85.032	-150.3499
750.000000	85.082	-150.8028
762.000000	85.156	-151.4469
775.000000	85.233	-152.0855
788.000000	85.308	-152.7487
800.000000	85.370	-153.3573
812.000000	85.433	-154.0247
825.000000	85.530	-154.6567
838.000000	85.591	-155.1533
850.000000	85.701	-155.7160
862.000000	85.764	-156.2587
875.000000	85.855	-156.5657
885.000000	85.945	-156.9382
900.000000	86.087	-157.6698
912.000000	86.194	-158.3020
925.000000	86.316	-158.9794
938.000000	86.432	-159.5602
950.000000	86.525	-160.1185
962.000000	86.604	-160.8504
975.000000	86.727	-161.5801
988.000000	86.822	-162.3703
1000.000000	86.920	-163.1785
1015.000000	87.033	-164.1729
1030.000000	87.148	-165.1057
1044.000000	87.256	-165.9951
1060.000000	87.381	-166.9355
1075.000000	87.491	-167.8651
1090.000000	87.591	-168.8798
1106.000000	87.700	-169.9647
1120.000000	87.787	-170.9556
1138.000000	87.897	-172.2666
1150.000000	87.965	-173.1317
1172.000000	88.084	-174.8216
1180.000000	88.123	-175.4280
1206.000000	88.242	-177.4781
1220.000000	88.307	-178.6211
1241.000000	88.380	179.6613
1250.000000	88.410	178.9470
1265.000000	88.456	177.7949
1280.000000	88.508	176.6769
1315.000000	88.618	174.3397
1320.000000	88.634	174.0035
1340.000000	88.681	172.6727
1360.000000	88.724	171.3550
1380.000000	88.771	170.0184
1400.000000	88.808	168.6644
1430.000000	88.864	166.6835
1450.000000	88.896	165.3350
1475.000000	88.941	163.6667
1500.000000	88.973	161.9836
1525.000000	89.016	160.2799
1550.000000	89.037	158.5495
1575.000000	89.068	156.9466
1600.000000	89.110	155.5100
1625.000000	89.149	154.1630
1650.000000	89.183	152.7910
1675.000000	89.215	151.3823
1700.000000	89.248	149.9659
1725.000000	89.281	148.4968
1750.000000	89.313	147.0563
1775.000000	89.342	145.5132
1800.000000	89.373	144.0079
1825.000000	89.405	142.4277
1850.000000	89.433	140.8090
1875.000000	89.467	139.2059
1900.000000	89.493	137.4541
1925.000000	89.508	135.7701
1950.000000	89.524	134.2012
1975.000000	89.559	132.7050
2000.000000	89.589	131.3179
2030.000000	89.607	129.5508
2060.000000	89.625	127.7520
2090.000000	89.636	125.9088
2120.000000	89.646	124.0399
2140.000000	89.651	122.7599
2180.000000	89.650	120.1577
2200.000000	89.647	118.8285
2240.000000	89.640	116.1277
2270.000000	89.628	114.0670
2300.000000	89.609	111.9712
2330.000000	89.599	109.8589
2360.000000	89.575	107.6638
2400.000000	89.532	104.8511
2430.000000	89.518	102.8896
2470.000000	89.501	100.5117
2500.000000	89.478	98.6523
2540.000000	89.448	96.1364
2580.000000	89.419	93.4921
2620.000000	89.386	90.7540
2650.000000	89.356	88.6076
2690.000000	89.314	85.6807
2720.000000	89.280	83.3648
2760.000000	89.223	80.1622
2800.000000	89.152	76.8481
2850.000000	89.045	72.5182
2900.000000	88.910	68.0399
2950.000000	88.728	63.4219
3000.000000	88.526	59.1331
3040.000000	88.363	56.0022
3070.000000	88.218	53.6950
3110.000000	88.010	50.6050
3150.000000	87.793	47.5276
3200.000000	87.510	43.7733
3250.000000	87.227	40.0768
3300.000000	86.952	36.3967
3350.000000	86.677	32.7051
3400.000000	86.413	28.9572
3450.000000	86.155	25.1853
3500.000000	85.897	21.3102
3550.000000	85.655	17.4999
3600.000000	85.432	13.5536
3650.000000	85.225	9.5073
3700.000000	85.040	5.6224
3750.000000	84.878	1.9661
3820.000000	84.652	-3.2275
3870.000000	84.508	-7.1220
3950.000000	84.310	-13.5076
4000.000000	84.207	-17.6428
4060.000000	84.119	-22.7268
4120.000000	84.078	-28.0310
4180.000000	84.065	-33.5338
4250.000000	84.106	-40.1038
4310.000000	84.171	-45.9759
4370.000000	84.290	-52.0396
4440.000000	84.468	-59.3522
4500.000000	84.609	-66.1127
4550.000000	84.727	-71.3131
4620.000000	84.979	-78.6880
4680.000000	85.222	-84.8850
4750.000000	85.497	-92.7683
4820.000000	85.719	-101.0717
4870.000000	85.828	-107.1395
4940.000000	85.895	-115.9340
5000.000000	85.822	-123.5608
5080.000000	85.531	-133.2598
5150.000000	85.124	-140.9707
5220.000000	84.630	-147.4907
5300.000000	84.043	-153.7725
5380.000000	83.423	-159.0625
5450.000000	82.896	-162.6350
5520.000000	82.449	-165.3621
5600.000000	82.069	-167.8385
5700.000000	81.794	-170.1267
5800.000000	81.539	-172.0759
5900.000000	81.232	-173.7538
6000.000000	80.934	-174.8214
6080.000000	80.731	-175.0763
6150.000000	80.583	-175.1410
6220.000000	80.483	-175.0587
6300.000000	80.394	-174.6973
6400.000000	80.369	-174.1211
6500.000000	80.406	-173.3857
6600.000000	80.544	-172.7148
6700.000000	80.729	-172.1937
6800.000000	80.963	-171.7340
6900.000000	81.257	-171.3274
7000.000000	81.594	-170.3707
7100.000000	82.042	-168.7029
7200.000000	82.556	-167.2672
7300.000000	83.124	-166.1483
7400.000000	83.744	-165.4058
7500.000000	84.431	-165.1814
7620.000000	85.337	-165.6914
7750.000000	86.382	-167.3961
7880.000000	87.487	-170.7267
8000.000000	88.502	-175.5476
8120.000000	89.413	177.6299
8250.000000	90.046	168.1497
8380.000000	90.206	157.6704
8500.000000	90.071	148.1669
8620.000000	89.632	140.5537
8750.000000	88.953	135.8246
8850.000000	88.383	133.7407
9000.000000	87.574	132.3336
9120.000000	87.012	132.2544
9250.000000	86.501	132.8373
9380.000000	86.083	133.8582
9500.000000	85.781	135.1285
9620.000000	85.568	136.3899
9750.000000	85.422	137.6385
9880.000000	85.334	138.6978
10000.000000	85.308	139.3164
10150.000000	85.305	139.5826
10300.000000	85.312	139.1364
10440.000000	85.321	138.2856
10600.000000	85.237	136.5337
10750.000000	85.079	135.7457
10900.000000	84.807	135.8243
11060.000000	84.365	136.2198
11200.000000	83.878	136.9751
11380.000000	83.156	138.8442
11500.000000	82.647	140.6064
11720.000000	81.770	145.7385
11800.000000	81.506	147.7959
12060.000000	80.793	155.1632
12200.000000	80.493	159.1736
12410.000000	80.133	165.1055
12500.000000	80.027	167.5396
12650.000000	79.885	171.4064
12800.000000	79.760	175.0015
13150.000000	79.558	-176.8347
13200.000000	79.549	-175.4414
13400.000000	79.548	-168.3438
13600.000000	79.567	-161.5005
13800.000000	79.623	-154.5695
14000.000000	79.763	-147.9348
14300.000000	80.176	-138.2372
14500.000000	80.660	-132.3618
14750.000000	81.563	-126.9766
15000.000000	82.723	-125.2429
15250.000000	83.952	-128.8126
15500.000000	84.637	-139.7594
15750.000000	83.867	-154.5527
16000.000000	81.763	-164.4783
16250.000000	79.306	-167.2330
16500.000000	77.085	-162.6157
16750.000000	75.178	-154.2656
17000.000000	73.590	-144.5846
17250.000000	72.269	-134.1152
17500.000000	71.220	-123.7599
17750.000000	70.374	-114.6914
18000.000000	69.769	-105.9332
18250.000000	69.323	-98.5674
18500.000000	69.039	-93.6440
18750.000000	68.659	-91.7761
19000.000000	68.201	-93.2876
19250.000000	67.354	-99.0028
19500.000000	65.229	-107.2426
19750.000000	62.136	-112.6237
