* Measurement data measured by REW V5.20.4
* Source: Microphone (Sound Blaster Play! 3), MICROPHONE (Master Volume), R, volume: 0.250
* Format: 256k Log Swept Sine, 1 sweep at -12.0 dBFS with no timing reference
* Dated: 18-Feb-2022 20:39:11
* REW Settings:
*  C-weighting compensation: Off
*  Target level: 75.0 dB
* Note: 
* Measurement: Softears RSV R
* Smoothing: None
* Frequency Step: 1/48 octave
* Start Frequency: 20.000 Hz
*
* Freq(Hz)	SPL(dB)	Phase(degrees)
20.000000	87.901	-102.5521
20.299999	88.022	-103.7236
20.600000	88.142	-105.0265
20.900000	88.245	-106.4224
21.200001	88.327	-107.8242
21.400000	88.372	-108.7138
21.799999	88.451	-110.3602
22.000000	88.493	-111.1254
22.400000	88.585	-112.6151
22.700001	88.659	-113.7683
23.000000	88.725	-114.9775
23.299999	88.775	-116.1915
23.600000	88.808	-117.3353
24.000000	88.839	-118.6494
24.299999	88.871	-119.4686
24.700001	88.945	-120.4592
25.000000	89.024	-121.2657
25.400000	89.140	-122.5643
25.799999	89.232	-124.1052
26.200001	89.279	-125.7047
26.500000	89.287	-126.8057
26.900000	89.285	-128.0442
27.200001	89.287	-128.8151
27.600000	89.313	-129.7399
28.000000	89.360	-130.6976
28.500000	89.423	-132.0443
29.000000	89.466	-133.4644
29.500000	89.490	-134.8042
30.000000	89.513	-136.0170
30.400000	89.539	-136.9459
30.700001	89.563	-137.6510
31.100000	89.595	-138.6229
31.500000	89.623	-139.6248
32.000000	89.647	-140.8766
32.500000	89.661	-142.0698
33.000000	89.675	-143.1759
33.500000	89.695	-144.2260
34.000000	89.725	-145.2898
34.500000	89.754	-146.4080
35.000000	89.773	-147.5532
35.500000	89.781	-148.6595
36.000000	89.785	-149.6918
36.500000	89.791	-150.6663
37.000000	89.801	-151.6194
37.500000	89.812	-152.5730
38.200001	89.826	-153.9257
38.700001	89.829	-154.8961
39.500000	89.820	-156.3574
40.000000	89.816	-157.1892
40.599998	89.824	-158.1843
41.200001	89.833	-159.2556
41.799999	89.829	-160.3456
42.500000	89.816	-161.5274
43.099998	89.812	-162.4920
43.700001	89.809	-163.4648
44.400002	89.801	-164.5928
45.000000	89.789	-165.5270
45.500000	89.775	-166.2533
46.200001	89.763	-167.1646
46.799999	89.766	-167.9665
47.500000	89.752	-169.0394
48.200001	89.697	-169.8658
48.700001	89.683	-170.1628
49.400002	89.754	-170.7628
50.000000	89.814	-171.9578
50.799999	89.746	-173.7407
51.500000	89.645	-174.5267
52.200001	89.633	-175.1382
53.000000	89.629	-176.3611
53.799999	89.567	-177.4636
54.500000	89.540	-178.2007
55.200001	89.531	-179.0872
56.000000	89.498	179.8947
57.000000	89.473	178.7923
58.000000	89.453	177.5767
59.000000	89.422	176.3701
60.000000	89.375	175.1465
60.799999	89.329	174.3036
61.500000	89.304	173.5989
62.200001	89.284	172.7949
63.000000	89.241	171.8445
64.000000	89.177	170.8444
65.000000	89.138	169.9387
66.000000	89.105	168.8923
67.000000	89.047	167.8611
68.000000	88.992	166.9931
69.000000	88.952	166.0753
70.000000	88.901	165.1157
71.000000	88.846	164.1771
72.000000	88.781	163.3013
73.000000	88.730	162.5506
74.000000	88.696	161.6798
75.000000	88.641	160.7616
76.199997	88.569	159.7901
77.500000	88.495	158.8232
78.800003	88.440	157.8535
80.000000	88.381	156.8539
81.199997	88.309	155.9043
82.500000	88.228	154.9473
83.800003	88.151	154.1105
85.000000	88.102	153.3107
86.199997	88.041	152.4067
87.500000	87.972	151.5028
88.500000	87.917	150.7825
90.000000	87.822	149.7983
91.199997	87.752	149.1152
92.500000	87.687	148.3634
93.800003	87.621	147.5810
95.000000	87.564	146.8785
96.199997	87.508	146.0908
97.500000	87.432	145.3080
98.800003	87.370	144.5250
100.000000	87.296	143.8301
101.500000	87.215	143.0137
103.000000	87.126	142.2950
104.400002	87.061	141.5522
106.000000	86.968	140.7412
107.500000	86.891	140.0618
109.000000	86.821	139.3363
110.599998	86.737	138.5636
112.000000	86.661	137.9300
113.800003	86.573	137.1578
115.000000	86.523	136.6096
117.199997	86.412	135.5986
118.000000	86.374	135.2585
120.599998	86.261	134.2095
122.000000	86.205	133.6041
124.099998	86.111	132.6990
125.000000	86.074	132.3515
126.500000	86.008	131.8439
128.000000	85.954	131.3762
131.500000	85.803	130.1199
132.000000	85.778	129.9099
134.000000	85.684	129.1605
136.000000	85.600	128.4305
138.000000	85.537	127.8115
140.000000	85.473	127.2109
143.000000	85.369	126.2463
145.000000	85.300	125.5191
147.500000	85.213	124.6690
150.000000	85.117	123.9207
152.500000	85.024	123.1855
155.000000	84.939	122.4474
157.500000	84.859	121.7512
160.000000	84.785	121.1075
162.500000	84.708	120.4447
165.000000	84.634	119.7946
167.500000	84.563	119.1345
170.000000	84.487	118.4423
172.500000	84.423	117.7228
175.000000	84.365	117.0074
177.500000	84.314	116.2912
180.000000	84.274	115.5811
182.500000	84.236	115.0148
185.000000	84.185	114.4247
187.500000	84.130	113.7487
190.000000	84.080	113.0655
192.500000	84.052	112.3732
195.000000	84.018	111.7605
197.500000	83.973	111.1653
200.000000	83.937	110.5148
203.000000	83.899	109.7116
206.000000	83.864	108.9323
209.000000	83.821	108.1417
212.000000	83.794	107.3638
214.000000	83.767	106.8459
218.000000	83.731	105.7983
220.000000	83.708	105.3024
224.000000	83.672	104.2493
227.000000	83.645	103.4186
230.000000	83.623	102.6555
233.000000	83.600	101.8384
236.000000	83.576	101.0766
240.000000	83.549	100.0096
243.000000	83.534	99.2053
247.000000	83.505	98.1317
250.000000	83.486	97.3024
254.000000	83.463	96.2138
258.000000	83.441	95.1670
262.000000	83.418	94.0792
265.000000	83.402	93.2567
269.000000	83.387	92.1630
272.000000	83.368	91.3364
276.000000	83.354	90.2197
280.000000	83.336	89.1203
285.000000	83.309	87.7694
290.000000	83.291	86.4584
295.000000	83.267	85.0942
300.000000	83.245	83.7870
304.000000	83.229	82.7000
307.000000	83.223	81.9535
311.000000	83.207	80.9739
315.000000	83.195	80.0291
320.000000	83.197	78.8763
325.000000	83.221	77.6893
330.000000	83.261	76.3775
335.000000	83.313	74.9410
340.000000	83.344	73.3395
345.000000	83.360	71.6838
350.000000	83.362	70.0370
355.000000	83.357	68.4032
360.000000	83.350	66.7971
365.000000	83.337	65.2328
370.000000	83.314	63.7227
375.000000	83.298	62.2272
382.000000	83.267	60.1577
387.000000	83.248	58.6852
395.000000	83.226	56.3458
400.000000	83.219	54.9128
406.000000	83.201	53.1823
412.000000	83.182	51.4911
418.000000	83.152	49.7606
425.000000	83.134	47.8142
431.000000	83.120	46.1341
437.000000	83.107	44.4605
444.000000	83.089	42.4906
450.000000	83.066	40.8218
455.000000	83.049	39.4935
462.000000	83.030	37.5217
468.000000	83.007	35.9043
475.000000	82.990	33.9902
482.000000	82.978	32.0830
487.000000	82.962	30.7439
494.000000	82.933	28.8792
500.000000	82.916	27.3005
508.000000	82.888	25.1849
515.000000	82.867	23.3024
522.000000	82.846	21.4872
530.000000	82.834	19.4417
538.000000	82.811	17.3826
545.000000	82.792	15.5991
552.000000	82.766	13.8163
560.000000	82.738	11.7703
570.000000	82.712	9.3169
580.000000	82.692	6.7987
590.000000	82.668	4.4043
600.000000	82.635	1.9380
608.000000	82.610	-0.0067
615.000000	82.587	-1.6741
622.000000	82.575	-3.3557
630.000000	82.552	-5.2576
640.000000	82.542	-7.5623
650.000000	82.518	-9.8862
660.000000	82.485	-12.1458
670.000000	82.468	-14.4365
680.000000	82.439	-16.7081
690.000000	82.425	-18.8771
700.000000	82.413	-21.0800
710.000000	82.402	-23.1887
720.000000	82.393	-25.3956
730.000000	82.375	-27.5187
740.000000	82.358	-29.6620
750.000000	82.354	-31.7636
762.000000	82.349	-34.2712
775.000000	82.351	-36.8333
788.000000	82.353	-39.4771
800.000000	82.350	-41.8855
812.000000	82.351	-44.3101
825.000000	82.357	-46.8784
838.000000	82.376	-49.4478
850.000000	82.402	-51.7360
862.000000	82.424	-54.0141
875.000000	82.445	-56.5535
885.000000	82.463	-58.4570
900.000000	82.497	-61.3671
912.000000	82.526	-63.6660
925.000000	82.575	-66.1149
938.000000	82.613	-68.5460
950.000000	82.658	-70.7738
962.000000	82.696	-73.1141
975.000000	82.746	-75.5965
988.000000	82.800	-78.1161
1000.000000	82.840	-80.4037
1015.000000	82.915	-83.2209
1030.000000	82.980	-85.9891
1044.000000	83.045	-88.6267
1060.000000	83.114	-91.7891
1075.000000	83.178	-94.7491
1090.000000	83.235	-97.7511
1106.000000	83.302	-100.8446
1120.000000	83.360	-103.5771
1138.000000	83.426	-107.0201
1150.000000	83.463	-109.3411
1172.000000	83.522	-113.6405
1180.000000	83.542	-115.2920
1206.000000	83.592	-120.2505
1220.000000	83.621	-122.9014
1241.000000	83.673	-126.7761
1250.000000	83.689	-128.4432
1265.000000	83.705	-131.1710
1280.000000	83.725	-133.9692
1315.000000	83.758	-140.2830
1320.000000	83.756	-141.1165
1340.000000	83.783	-144.5719
1360.000000	83.822	-147.8651
1380.000000	83.825	-151.1475
1400.000000	83.856	-154.4451
1430.000000	83.866	-159.4275
1450.000000	83.872	-162.6274
1475.000000	83.909	-166.4622
1500.000000	83.946	-170.1719
1525.000000	83.957	-173.8896
1550.000000	83.987	-177.5667
1575.000000	84.003	178.7754
1600.000000	84.022	175.2269
1625.000000	84.062	171.8500
1650.000000	84.104	168.6646
1675.000000	84.139	165.3654
1700.000000	84.186	162.0605
1725.000000	84.219	158.8367
1750.000000	84.258	155.7516
1775.000000	84.311	152.6176
1800.000000	84.382	149.8131
1825.000000	84.449	146.9299
1850.000000	84.520	144.0172
1875.000000	84.589	141.1146
1900.000000	84.648	138.1475
1925.000000	84.727	135.3799
1950.000000	84.806	132.6702
1975.000000	84.912	130.1600
2000.000000	85.009	127.5900
2030.000000	85.129	124.4873
2060.000000	85.251	121.3403
2090.000000	85.383	117.9746
2120.000000	85.507	115.0894
2140.000000	85.630	113.1223
2180.000000	85.886	109.1331
2200.000000	86.015	107.2399
2240.000000	86.228	103.4644
2270.000000	86.407	100.3684
2300.000000	86.568	97.2659
2330.000000	86.741	94.3075
2360.000000	86.934	91.4589
2400.000000	87.193	87.7385
2430.000000	87.382	84.8198
2470.000000	87.647	80.8634
2500.000000	87.845	77.7432
2540.000000	88.092	73.5085
2580.000000	88.354	69.3984
2620.000000	88.626	65.4424
2650.000000	88.815	62.4073
2690.000000	89.064	58.1649
2720.000000	89.240	54.8684
2760.000000	89.460	50.3116
2800.000000	89.645	45.6910
2850.000000	89.871	40.1200
2900.000000	90.063	34.7267
2950.000000	90.200	29.1516
3000.000000	90.290	23.5363
3040.000000	90.322	19.0176
3070.000000	90.313	15.6825
3110.000000	90.293	11.5155
3150.000000	90.270	7.6931
3200.000000	90.189	3.2448
3250.000000	90.076	-1.0776
3300.000000	89.948	-5.2191
3350.000000	89.801	-9.2285
3400.000000	89.633	-12.8905
3450.000000	89.477	-15.9855
3500.000000	89.322	-18.6150
3550.000000	89.154	-21.0894
3600.000000	88.992	-23.4187
3650.000000	88.839	-25.6025
3700.000000	88.676	-27.7122
3750.000000	88.526	-29.4399
3820.000000	88.368	-31.0291
3870.000000	88.259	-31.9351
3950.000000	88.110	-33.3215
4000.000000	88.035	-34.0615
4060.000000	87.963	-35.0190
4120.000000	87.900	-35.5981
4180.000000	87.896	-35.6393
4250.000000	87.898	-35.4998
4310.000000	87.930	-35.4072
4370.000000	87.983	-35.4044
4440.000000	88.063	-35.4702
4500.000000	88.135	-35.6362
4550.000000	88.220	-35.4880
4620.000000	88.376	-34.9487
4680.000000	88.501	-34.4874
4750.000000	88.654	-34.1738
4820.000000	88.813	-33.9288
4870.000000	88.941	-33.8438
4940.000000	89.122	-33.8857
5000.000000	89.300	-33.8080
5080.000000	89.556	-33.4479
5150.000000	89.734	-33.4512
5220.000000	89.882	-33.7080
5300.000000	89.997	-34.1843
5380.000000	90.061	-34.8917
5450.000000	90.046	-35.3761
5520.000000	90.023	-35.1594
5600.000000	89.953	-34.3107
5700.000000	89.820	-32.9113
5800.000000	89.676	-31.0925
5900.000000	89.567	-28.9291
6000.000000	89.498	-26.4764
6080.000000	89.527	-23.8090
6150.000000	89.598	-21.2690
6220.000000	89.692	-19.0571
6300.000000	89.827	-17.0970
6400.000000	89.975	-15.6177
6500.000000	90.021	-15.2386
6600.000000	89.855	-15.2391
6700.000000	89.532	-14.2583
6800.000000	89.020	-12.2277
6900.000000	88.405	-9.4888
7000.000000	87.745	-5.7021
7100.000000	87.107	-1.5753
7200.000000	86.471	3.4799
7300.000000	85.908	9.2673
7400.000000	85.397	15.9742
7500.000000	84.869	22.7360
7620.000000	84.231	30.8901
7750.000000	83.507	39.7942
7880.000000	82.738	48.9475
8000.000000	82.012	57.8903
8120.000000	81.309	68.5565
8250.000000	80.497	80.7117
8380.000000	79.672	93.4360
8500.000000	78.942	105.5630
8620.000000	78.238	117.9603
8750.000000	77.494	131.9359
8850.000000	76.968	143.8325
9000.000000	76.233	162.7864
9120.000000	75.722	178.4225
9250.000000	75.205	-164.5544
9380.000000	74.829	-147.6565
9500.000000	74.477	-132.0898
9620.000000	74.084	-116.3324
9750.000000	73.849	-97.7742
9880.000000	73.670	-78.4119
10000.000000	73.457	-60.9804
10150.000000	73.374	-39.3391
10300.000000	73.297	-17.9792
10440.000000	73.397	2.2583
10600.000000	73.476	24.5035
10750.000000	73.693	47.0012
10900.000000	73.968	69.8600
11060.000000	74.286	93.5433
11200.000000	74.651	114.0923
11380.000000	75.195	139.8543
11500.000000	75.573	156.6785
11720.000000	76.393	-172.6116
11800.000000	76.735	-160.8688
12060.000000	77.960	-124.1542
12200.000000	78.600	-105.1268
12410.000000	79.476	-76.6765
12500.000000	80.013	-64.3909
12650.000000	81.101	-45.3953
12800.000000	82.238	-27.9545
13150.000000	85.125	7.6506
13200.000000	85.498	11.5411
13400.000000	86.577	23.6976
13600.000000	86.729	32.3614
13800.000000	85.780	40.8688
14000.000000	83.894	52.6102
14300.000000	80.359	82.5756
14500.000000	77.969	109.3346
14750.000000	75.347	147.4269
15000.000000	73.233	-172.4815
15250.000000	71.717	-131.5639
15500.000000	70.501	-91.0094
15750.000000	69.475	-49.5944
16000.000000	68.464	-10.4089
16250.000000	67.253	28.9118
16500.000000	65.870	68.1754
16750.000000	64.275	107.4577
17000.000000	62.679	148.8214
17250.000000	61.447	-165.3768
17500.000000	60.177	-118.2896
17750.000000	59.152	-72.7647
18000.000000	58.382	-26.3494
18250.000000	57.494	20.2332
18500.000000	56.698	67.3354
18750.000000	56.103	117.6749
19000.000000	57.839	178.7016
19250.000000	60.703	-147.3043
19500.000000	61.827	-116.7114
19750.000000	62.381	-86.7996
