* Measurement data measured by REW V5.20 Beta 61
* Source: USB-C to 3.5mm Headphone Jack Adapter, USB-C to 3.5mm Headphone Jack Adapter, 0, volume: 0.138
* Format: 256k Log Swept Sine, 1 sweep at -12.0 dBFS with no timing reference
* Dated: Jan 12, 2021 3:32:33 PM
* REW Settings:
*  C-weighting compensation: Off
*  Target level: 75.0 dB
* Note: 
* Measurement: Jan 12
* Smoothing: None
* Frequency Step: 1/48 octave
* Start Frequency: 20.000 Hz
*
* Freq(Hz)	SPL(dB)	Phase(degrees)
20.000000	88.214569	172.1708
20.299999	88.187485	172.0499
20.600000	88.183037	171.8930
20.900000	88.191719	171.6293
21.200001	88.200447	171.2425
21.400000	88.200562	170.9340
21.799999	88.182663	170.2828
22.000000	88.165771	169.9755
22.400000	88.123962	169.4361
22.700001	88.093430	169.0958
23.000000	88.067223	168.7842
23.299999	88.045189	168.4759
23.600000	88.025192	168.1579
24.000000	87.998260	167.7251
24.299999	87.977928	167.4054
24.700001	87.953003	166.9875
25.000000	87.936836	166.6665
25.400000	87.916389	166.2062
25.799999	87.891251	165.7101
26.200001	87.857208	165.2175
26.500000	87.827019	164.8820
26.900000	87.786888	164.4998
27.200001	87.761452	164.2532
27.600000	87.737099	163.9342
28.000000	87.721046	163.5778
28.500000	87.701035	163.0475
29.000000	87.668861	162.4746
29.500000	87.624390	161.9476
30.000000	87.578880	161.5068
30.400000	87.548241	161.1901
30.700001	87.528915	160.9484
31.100000	87.505005	160.6006
31.500000	87.478714	160.2259
32.000000	87.438950	159.7545
32.500000	87.394043	159.3183
33.000000	87.350029	158.9221
33.500000	87.310333	158.5407
34.000000	87.274231	158.1435
34.500000	87.238037	157.7124
35.000000	87.196213	157.2561
35.500000	87.145630	156.8188
36.000000	87.091476	156.4536
36.500000	87.045273	156.1605
37.000000	87.013168	155.8632
37.500000	86.987480	155.4829
38.200001	86.936806	154.8461
38.700001	86.886917	154.4254
39.500000	86.807823	153.8809
40.000000	86.764061	153.5576
40.599998	86.710976	153.1652
41.200001	86.657959	152.7978
41.799999	86.609802	152.4337
42.500000	86.553452	151.9597
43.099998	86.497124	151.5492
43.700001	86.438423	151.1855
44.400002	86.375946	150.7794
45.000000	86.322784	150.4044
45.500000	86.274689	150.0942
46.200001	86.206177	149.7034
46.799999	86.152176	149.3869
47.500000	86.091179	148.9979
48.200001	86.027832	148.6141
48.700001	85.983871	148.3529
49.400002	85.924583	147.9689
50.000000	85.869232	147.6221
50.799999	85.788422	147.2144
51.500000	85.722885	146.9091
52.200001	85.661339	146.5806
53.000000	85.584946	146.1967
53.799999	85.507042	145.8557
54.500000	85.441177	145.5648
55.200001	85.375496	145.2750
56.000000	85.302185	144.9344
57.000000	85.204071	144.4804
58.000000	85.104408	144.0897
59.000000	85.008369	143.6552
60.000000	84.900017	143.3016
60.799999	84.829597	143.0779
61.500000	84.769775	142.8042
62.200001	84.699127	142.5514
63.000000	84.624657	142.3430
64.000000	84.539383	141.9974
65.000000	84.436653	141.6696
66.000000	84.339241	141.3961
67.000000	84.237083	141.1125
68.000000	84.139229	140.8826
69.000000	84.046669	140.6203
70.000000	83.953644	140.3409
71.000000	83.853226	140.0548
72.000000	83.750984	139.8724
73.000000	83.662659	139.6956
74.000000	83.568642	139.4667
75.000000	83.467010	139.2972
76.199997	83.355499	139.1367
77.500000	83.230751	138.9054
78.800003	83.112305	138.7033
80.000000	82.985573	138.4783
81.199997	82.877304	138.4356
82.500000	82.760155	138.2022
83.800003	82.633087	138.1178
85.000000	82.517525	138.0532
86.199997	82.413910	138.0402
87.500000	82.293144	137.8994
88.500000	82.190605	137.8801
90.000000	82.044754	137.8629
91.199997	81.934448	137.9218
92.500000	81.813110	137.8402
93.800003	81.680641	138.0044
95.000000	81.581619	138.0898
96.199997	81.473358	138.2725
97.500000	81.370422	138.4347
98.800003	81.244072	138.7122
100.000000	81.158089	139.1277
101.500000	81.044014	139.5144
103.000000	81.000793	139.9357
104.400002	80.904274	139.9753
106.000000	80.858719	140.2726
107.500000	80.825394	140.1808
109.000000	80.743263	140.2885
110.599998	80.729218	139.9904
112.000000	80.587143	140.0139
113.800003	80.499207	140.1653
115.000000	80.409042	140.1978
117.199997	80.264687	140.1721
118.000000	80.198921	140.2441
120.599998	80.043503	140.6225
122.000000	79.964447	140.6333
124.099998	79.848267	140.8732
125.000000	79.776100	140.9589
126.500000	79.682167	141.3261
128.000000	79.595825	141.4630
131.500000	79.393196	141.9515
132.000000	79.372955	141.9888
134.000000	79.255508	142.3048
136.000000	79.147217	142.6708
138.000000	79.065971	143.2291
140.000000	78.969887	143.4947
143.000000	78.833824	143.9609
145.000000	78.730270	144.3664
147.500000	78.645348	144.7842
150.000000	78.551247	145.3079
152.500000	78.456497	145.7182
155.000000	78.361259	146.1215
157.500000	78.245674	146.6939
160.000000	78.180557	147.0806
162.500000	78.082001	147.4783
165.000000	78.022156	147.9107
167.500000	77.939125	148.4749
170.000000	77.868820	148.8593
172.500000	77.790642	149.3485
175.000000	77.716751	149.8294
177.500000	77.655823	150.2999
180.000000	77.583099	150.4591
182.500000	77.533844	151.0299
185.000000	77.490845	151.7343
187.500000	77.437157	152.2284
190.000000	77.370323	152.6458
192.500000	77.312897	153.0477
195.000000	77.247192	153.5022
197.500000	77.216621	153.8623
200.000000	77.161743	154.2976
203.000000	77.114670	154.7499
206.000000	77.063072	155.3195
209.000000	76.999336	155.8080
212.000000	76.950867	156.3689
214.000000	76.921585	156.7027
218.000000	76.854401	157.3823
220.000000	76.836151	157.7875
224.000000	76.758865	158.4930
227.000000	76.737396	158.9893
230.000000	76.713219	159.6309
233.000000	76.693298	160.1612
236.000000	76.697403	160.6775
240.000000	76.679756	161.1123
243.000000	76.650177	161.4023
247.000000	76.622620	161.7753
250.000000	76.598984	162.0564
254.000000	76.537956	162.6063
258.000000	76.518898	163.1434
262.000000	76.504906	163.8772
265.000000	76.516525	164.1947
269.000000	76.509155	164.6017
272.000000	76.466904	164.8212
276.000000	76.476784	165.0773
280.000000	76.451141	165.4854
285.000000	76.411751	165.9525
290.000000	76.382866	166.3449
295.000000	76.341553	166.9293
300.000000	76.336868	167.3141
304.000000	76.297836	167.6629
307.000000	76.272453	167.9607
311.000000	76.241508	168.3748
315.000000	76.235603	168.6437
320.000000	76.206596	169.1728
325.000000	76.182426	169.6288
330.000000	76.165039	170.0388
335.000000	76.135735	170.4250
340.000000	76.123840	170.9060
345.000000	76.103081	171.3894
350.000000	76.065559	171.8562
355.000000	76.058800	172.0926
360.000000	76.023170	172.5389
365.000000	76.009125	173.0353
370.000000	75.989479	173.3459
375.000000	75.972870	173.7359
382.000000	75.940681	174.2162
387.000000	75.932594	174.7061
395.000000	75.907021	175.2898
400.000000	75.893242	175.6321
406.000000	75.874054	176.0391
412.000000	75.860001	176.5804
418.000000	75.807480	176.8489
425.000000	75.810410	177.3896
431.000000	75.808556	177.8030
437.000000	75.780418	178.2553
444.000000	75.755554	178.6947
450.000000	75.731667	179.1172
455.000000	75.724457	179.5732
462.000000	75.705978	179.9399
468.000000	75.675323	-179.6393
475.000000	75.668770	-179.1830
482.000000	75.647331	-178.6441
487.000000	75.632988	-178.4292
494.000000	75.635071	-177.9143
500.000000	75.605858	-177.5296
508.000000	75.571007	-176.9802
515.000000	75.571060	-176.4745
522.000000	75.560196	-176.0721
530.000000	75.538048	-175.5403
538.000000	75.522850	-175.0450
545.000000	75.494919	-174.5674
552.000000	75.483932	-174.0466
560.000000	75.468849	-173.5010
570.000000	75.443810	-172.9238
580.000000	75.428566	-172.1678
590.000000	75.409904	-171.5198
600.000000	75.389603	-170.9686
608.000000	75.397888	-170.3361
615.000000	75.359238	-169.9117
622.000000	75.351379	-169.4236
630.000000	75.330910	-168.9077
640.000000	75.314705	-168.1819
650.000000	75.326500	-167.5822
660.000000	75.320496	-166.8274
670.000000	75.291260	-166.0708
680.000000	75.281921	-165.4545
690.000000	75.276733	-164.6640
700.000000	75.264633	-164.0616
710.000000	75.247566	-163.2544
720.000000	75.241280	-162.6189
730.000000	75.237564	-161.9885
740.000000	75.237556	-161.2024
750.000000	75.212448	-160.3726
762.000000	75.228836	-159.6868
775.000000	75.234024	-158.6753
788.000000	75.242958	-157.5289
800.000000	75.256081	-156.5723
812.000000	75.259209	-155.6836
825.000000	75.276299	-154.5969
838.000000	75.296402	-153.4375
850.000000	75.322121	-152.3793
862.000000	75.368927	-151.3323
875.000000	75.405899	-150.1225
885.000000	75.416664	-149.4830
900.000000	75.474525	-148.0510
912.000000	75.554649	-147.0873
925.000000	75.618584	-145.8907
938.000000	75.685097	-144.8948
950.000000	75.784546	-143.9102
962.000000	75.852226	-142.8832
975.000000	75.950928	-141.7525
988.000000	76.048409	-140.8674
1000.000000	76.164185	-140.0486
1015.000000	76.316971	-138.9034
1030.000000	76.456825	-137.8569
1044.000000	76.569771	-137.1144
1060.000000	76.775558	-135.9525
1075.000000	76.951797	-135.3412
1090.000000	77.095970	-134.4509
1106.000000	77.284256	-133.9656
1120.000000	77.443779	-133.3840
1138.000000	77.653862	-132.8795
1150.000000	77.782188	-132.6246
1172.000000	78.019699	-132.0883
1180.000000	78.113968	-131.9471
1206.000000	78.371155	-131.6636
1220.000000	78.482224	-131.5295
1241.000000	78.682251	-131.2400
1250.000000	78.777802	-131.3632
1265.000000	78.879517	-131.2177
1280.000000	79.004730	-131.2232
1315.000000	79.258232	-131.1906
1320.000000	79.286400	-131.1416
1340.000000	79.411667	-131.1360
1360.000000	79.553947	-131.1573
1380.000000	79.671249	-131.0734
1400.000000	79.779510	-131.1858
1430.000000	79.938293	-130.9966
1450.000000	80.037857	-131.0212
1475.000000	80.157524	-130.8438
1500.000000	80.275505	-130.8187
1525.000000	80.396103	-130.7007
1550.000000	80.510750	-130.6520
1575.000000	80.645164	-130.4594
1600.000000	80.765335	-130.3021
1625.000000	80.871689	-130.2808
1650.000000	80.993134	-130.1047
1675.000000	81.105698	-130.0439
1700.000000	81.230507	-129.9288
1725.000000	81.345261	-129.7838
1750.000000	81.467445	-129.7370
1775.000000	81.592926	-129.7102
1800.000000	81.715530	-129.6265
1825.000000	81.848312	-129.6405
1850.000000	81.974915	-129.5974
1875.000000	82.113800	-129.6870
1900.000000	82.227898	-129.7393
1925.000000	82.350960	-129.8271
1950.000000	82.482864	-129.9141
1975.000000	82.600082	-130.0590
2000.000000	82.725571	-130.2232
2030.000000	82.855835	-130.4857
2060.000000	83.018616	-130.7105
2090.000000	83.148758	-131.0448
2120.000000	83.284309	-131.4657
2140.000000	83.375725	-131.7375
2180.000000	83.552963	-132.3070
2200.000000	83.643623	-132.6743
2240.000000	83.796036	-133.3477
2270.000000	83.919968	-133.9294
2300.000000	84.039169	-134.5688
2330.000000	84.142609	-135.2625
2360.000000	84.245461	-136.0016
2400.000000	84.369164	-137.0059
2430.000000	84.448685	-137.8687
2470.000000	84.536819	-139.1182
2500.000000	84.582130	-140.0669
2540.000000	84.613884	-141.4046
2580.000000	84.608330	-142.7058
2620.000000	84.563103	-144.0128
2650.000000	84.527901	-144.8357
2690.000000	84.420738	-145.8678
2720.000000	84.325279	-146.4803
2760.000000	84.193542	-146.8941
2800.000000	84.086052	-147.0536
2850.000000	83.976364	-147.1454
2900.000000	83.902039	-147.1318
2950.000000	83.846809	-147.1805
3000.000000	83.811798	-147.1522
3040.000000	83.796738	-147.1276
3070.000000	83.767365	-147.1237
3110.000000	83.740372	-147.1972
3150.000000	83.721146	-147.1453
3200.000000	83.687439	-147.1768
3250.000000	83.667755	-147.0858
3300.000000	83.658745	-147.0331
3350.000000	83.650322	-146.9348
3400.000000	83.653595	-146.7634
3450.000000	83.654037	-146.6273
3500.000000	83.665749	-146.5625
3550.000000	83.695183	-146.4664
3600.000000	83.722496	-146.4373
3650.000000	83.756340	-146.4856
3700.000000	83.805351	-146.4559
3750.000000	83.843109	-146.5626
3820.000000	83.912308	-146.7305
3870.000000	83.962654	-147.1924
3950.000000	84.042374	-147.9520
4000.000000	84.059052	-148.5567
4060.000000	84.064423	-149.3868
4120.000000	84.011032	-150.3646
4180.000000	83.937088	-151.1269
4250.000000	83.807159	-151.8910
4310.000000	83.672066	-152.3154
4370.000000	83.517212	-152.5925
4440.000000	83.320778	-152.6965
4500.000000	83.167801	-152.3584
4550.000000	83.031609	-151.7972
4620.000000	82.882393	-150.7692
4680.000000	82.817101	-149.4895
4750.000000	82.851997	-147.9392
4820.000000	82.985283	-146.6789
4870.000000	83.119293	-146.2629
4940.000000	83.361298	-146.0661
5000.000000	83.566864	-146.5005
5080.000000	83.809250	-147.8934
5150.000000	83.947632	-149.5108
5220.000000	83.989769	-151.7071
5300.000000	83.921021	-154.2173
5380.000000	83.719810	-156.7256
5450.000000	83.459824	-158.5402
5520.000000	83.155350	-160.0462
5600.000000	82.748276	-161.1305
5700.000000	82.219673	-161.7737
5800.000000	81.696732	-161.3611
5900.000000	81.208839	-160.5188
6000.000000	80.771790	-159.0042
6080.000000	80.473740	-157.3075
6150.000000	80.254280	-155.6518
6220.000000	80.045082	-154.0571
6300.000000	79.878677	-151.8063
6400.000000	79.737160	-148.9421
6500.000000	79.706429	-146.0243
6600.000000	79.761330	-143.0285
6700.000000	79.923248	-139.8816
6800.000000	80.167496	-136.9251
6900.000000	80.545403	-134.4675
7000.000000	81.015572	-132.4059
7100.000000	81.618301	-130.9847
7200.000000	82.289665	-130.4526
7300.000000	83.038902	-131.0196
7400.000000	83.795540	-133.1924
7500.000000	84.499397	-136.5761
7620.000000	85.123711	-142.1862
7750.000000	85.489212	-149.1133
7880.000000	85.559639	-155.9237
8000.000000	85.424782	-161.3804
8120.000000	85.236542	-165.9446
8250.000000	85.076942	-170.1438
8380.000000	85.012566	-174.7450
8500.000000	84.914047	179.9088
8620.000000	84.633377	173.5803
8750.000000	83.994194	166.7993
8850.000000	83.291954	162.4012
9000.000000	82.018036	158.1478
9120.000000	81.006844	156.7688
9250.000000	79.960938	156.8003
9380.000000	79.131180	158.0506
9500.000000	78.509338	160.2211
9620.000000	78.042587	162.3818
9750.000000	77.665298	164.7295
9880.000000	77.474838	166.8378
10000.000000	77.395210	168.1577
10150.000000	77.463837	169.4471
10300.000000	77.670013	169.6383
10440.000000	77.855820	167.0382
10600.000000	77.945107	162.5358
10750.000000	77.657555	157.1724
10900.000000	76.954918	152.4644
11060.000000	75.886620	150.1555
11200.000000	75.047241	150.9851
11380.000000	74.513260	153.9111
11500.000000	74.542137	155.9128
11720.000000	75.027458	156.8649
11800.000000	75.233772	155.8963
12060.000000	75.847923	150.5421
12200.000000	76.140404	146.1521
12410.000000	76.496910	139.2436
12500.000000	76.736092	135.8939
12650.000000	77.070747	129.5865
12800.000000	77.412529	122.0538
13150.000000	77.502045	97.7758
13200.000000	77.408691	94.4041
13400.000000	76.457390	80.6505
13600.000000	75.106567	70.6857
13800.000000	73.821068	63.6707
14000.000000	72.704430	58.8379
14300.000000	71.644150	54.6642
14500.000000	71.270622	51.4196
14750.000000	71.304680	44.3359
15000.000000	71.015167	35.4492
15250.000000	70.742332	23.0740
15500.000000	69.689728	9.2535
15750.000000	68.316315	-0.8358
16000.000000	67.004028	-9.0535
16250.000000	65.716309	-17.1112
16500.000000	65.196884	-25.2217
16750.000000	65.131790	-33.9285
17000.000000	65.262344	-43.8282
17250.000000	66.520462	-61.5706
17500.000000	67.620155	-87.4574
17750.000000	68.386452	-123.5186
18000.000000	68.005890	-164.4731
18250.000000	66.402802	153.1068
18500.000000	64.060608	117.2972
18750.000000	61.802994	81.7044
19000.000000	59.396847	49.3333
19250.000000	57.073532	12.4354
19500.000000	54.540661	-27.5878
19750.000000	50.757156	-69.9313
